1743431795118 0.0 0
1743431799633 0.0 1
1743431804166 0.0 2
1743431808563 0.0 3
1743431812970 0.0 4
1743431817247 0.0 5
1743431822300 -0.02474175468320027 6
1743431828686 -0.15110572896897792 7
1743431834866 -0.3024988716840744 8
1743431841756 -0.45437985718250273 9
1743431848734 -0.6052289807796478 10
1743431855198 -0.757194054722786 11
1743431861851 -0.908216097354889 12
1743431862445 -0.9092349249124527 13
1743431869156 -1.0606629049777985 14
1743431876234 -1.2126158308982848 15
1743431882533 -1.3635517024993897 16
1743431883109 -1.3645422160625458 17
1743431884379 -1.3824634766578674 18
1743431891148 -1.5328374314308166 19
1743431897701 -1.6848068404197694 20
1743431904524 -1.836222050189972 21
1743431910948 -1.986612364053726 22
1743431917945 -2.1372600531578065 23
1743431924743 -2.2873475050926206 24
1743431931448 -2.4368079590797422 25
1743431938076 -2.5869663310050965 26
1743431945135 -2.734735713005066 27
1743431945721 -2.735618155002594 28
1743431952091 -2.882124321460724 29
1743431958657 -3.032001669406891 30
1743431965223 -3.1822092580795287 31
1743431971842 -3.330422167778015 32
1743431979168 -3.4784767246246338 33
1743431986216 -3.6209538626670836 34
1743431993152 -3.764779589176178 35
1743432000557 -3.9090376901626587 36
1743432007591 -4.052173101902008 37
1743432013767 -4.1970054101943965 38
1743432020050 -4.341716275215149 39
1743432027262 -4.482722330093384 40
1743432034188 -4.63010262966156 41
1743432040666 -4.762937688827515 42
1743432047851 -4.887106847763062 43
1743432054595 -5.038128461837768 44
1743432061949 -5.1677750396728515 45
1743432068754 -5.2827508878707885 46
1743432075492 -5.443806161880493 47
1743432082588 -5.565557570457458 48
1743432089345 -5.697392988204956 49
1743432095933 -5.826224055290222 50
1743432103198 -5.927830562591553 51
1743432110141 -6.078018679618835 52
1743432116585 -6.194056625366211 53
1743432123278 -6.306276693344116 54
1743432130074 -6.441581683158875 55
1743432136916 -6.519502816200256 56
1743432143815 -6.66602475643158 57
1743432150681 -6.811570696830749 58
1743432157509 -6.944175133705139 59
1743432164265 -7.0495134401321415 60
1743432171123 -7.133999576568604 61
1743432177748 -7.197833242416382 62
1743432184274 -7.2578879165649415 63
1743432191184 -7.387793345451355 64
1743432198031 -7.499363474845886 65
1743432204737 -7.656027274131775 66
1743432211276 -7.751562314033508 67
1743432217895 -7.87331645488739 68
1743432224733 -7.865454959869385 69
1743432231426 -7.967285838127136 70
1743432238312 -8.095595374107361 71
1743432245026 -8.213486618995667 72
1743432251692 -8.2110076379776 73
1743432258223 -8.287927694320679 74
1743432265263 -8.29336751461029 75
1743432271960 -8.37627224445343 76
1743432278907 -8.359885025024415 77
1743432285653 -8.4772807264328 78
1743432292634 -8.443986978530884 79
1743432299526 -8.518415956497192 80
1743432306775 -8.656538248062134 81
1743432313527 -8.61859348297119 82
1743432320735 -8.482345957756042 83
1743432327905 -8.691331634521484 84
1743432334991 -8.747125463485718 85
1743432341091 -8.772880439758302 86
1743432347982 -9.019686403274536 87
1743432354849 -8.68231598854065 88
1743432361676 -8.601385045051575 89
1743432368579 -8.871801767349243 90
1743432375322 -8.998450994491577 91
1743432382003 -9.020955429077148 92
1743432382687 -9.018763637542724 93
1743432389287 -9.194501104354858 94
1743432395398 -9.126978845596314 95
1743432401937 -9.167158479690551 96
1743432408554 -9.04511838912964 97
1743432415110 -8.981729822158814 98
1743432422235 -9.224580354690552 99
1743432424233 -9.278328304290772 100
1743432431236 -8.949612503051759 101
1743432438002 -9.040749225616455 102
1743432444475 -8.86882022857666 103
1743432451165 -8.671202149391174 104
1743432457898 -8.112601561546326 105
1743432464624 -8.107431144714356 106
1743432471809 -7.912790842056275 107
1743432479015 -7.504757308959961 108
1743432485771 -7.001489577293396 109
1743432492182 -7.38458592414856 110
1743432498435 -7.031052579879761 111
1743432505257 -7.200984072685242 112
1743432512286 -6.426212491989136 113
1743432519977 -6.097546076774597 114
1743432527112 -5.77841812133789 115
1743432534069 -5.457115247249603 116
1743432536135 -5.446640880107879 117
1743432542478 -4.665312919616699 118
1743432549521 -3.9344966793060303 119
1743432555994 -3.3792889285087586 120
1743432562506 -3.418378149867058 121
1743432569586 -3.164242921769619 122
1743432577571 -3.2007056272029875 123
1743432585095 -3.1950971913337707 124
1743432591983 -2.865206425189972 125
1743432599620 -2.0517185546457766 126
1743432605807 -1.6497613705694676 127
1743432612519 -0.6431080012023449 128
1743432619365 0.4186983185261488 129
1743432626071 0.6518876825273037 130
1743432632608 0.4118532080948353 131
1743432639334 0.3969979568570852 132
1743432645758 1.3067829889059066 133
1743432652139 1.0993953117728232 134
1743432658879 0.7177927656844258 135
1743432665302 1.520357397273183 136
1743432672191 1.1294503600895405 137
1743432678704 1.8446458423137664 138
1743432685261 1.5135619285702706 139
1743432691663 1.3983265298232437 140
1743432699007 1.0450479669123889 141
1743432705591 0.8968996046483517 142
1743432712304 0.841666369214654 143
1743432719261 0.257563511133194 144
1743432725987 0.6316869024559856 145
1743432732896 0.6296966388449072 146
1743432739395 0.27078965842723846 147
1743432745901 0.2702525210380554 148
1743432752208 0.7814833944290877 149
1743432758423 -0.20602171413600445 150
1743432764686 -0.12938348956406118 151
1743432767005 -0.08060450062155723 152
1743432773879 0.3999446403980255 153
1743432780890 -0.6058520034328103 154
1743432781465 -0.622004310823977 155
1743432782476 -0.7576613578572869 156
1743432789025 0.20995726542547344 157
1743432795518 -0.34831050124019386 158
1743432802459 -0.0786441208422184 159
1743432809111 -0.23613041490316392 160
1743432815814 -0.40101046800613405 161
1743432822290 -0.4033725405484438 162
1743432828817 -0.3937102974206209 163
1743432835180 -0.7292530517280101 164
1743432842087 0.5267996878176927 165
1743432848813 0.22197551511228084 166
1743432855498 0.20350019343197345 167
1743432862316 -0.22385253325104715 168
1743432868864 0.10018056116998196 169
1743432875644 0.09620623424649238 170
1743432882332 0.16781055442988874 171
1743432889326 0.23385986328125 172
1743432895902 0.18114602953195572 173
1743432902439 0.12616585716605186 174
1743432908993 0.10919672057032585 175
1743432915437 0.1946260179579258 176
1743432921641 0.2791847105324268 177
1743432928285 -0.068594095017761 178
1743432934839 -0.030527481436729433 179
1743432940955 0.263919645100832 180
1743432947817 0.12723773054778575 181
1743432954064 -0.14870418645441533 182
1743432960416 0.2412984475493431 183
1743432962373 0.26731860026717186 184
1743432969154 0.5015045902132989 185
1743432975835 0.523066608980298 186
1743432982241 0.5273080450296402 187
1743432988770 0.14049065180122852 188
1743432995331 0.17888934373855592 189
1743433002172 -0.005651537347584962 190
1743433008831 0.02256632372736931 191
1743433014975 0.12666748095303773 192
1743433021680 0.2420577796921134 193
1743433028000 0.2287776243686676 194
1743433034694 0.12617843218147753 195
1743433041846 0.3878803023695946 196
1743433042416 0.3872837063670158 197
1743433048992 0.3300268216431141 198
1743433050888 0.3605661952495575 199
1743433057451 0.4188983770087361 200
1743433064134 0.12657843731343746 201
1743433070775 0.20662008203566073 202
1743433074656 0.3437577384710312 203
1743433080994 0.2749576962739229 204
1743433081584 0.27197565250098704 205
1743433088283 0.02816445168107748 206
1743433095006 -0.036574487537145615 207
1743433096887 0.006009411662817001 208
1743433103481 0.11842995114624501 209
1743433109733 -0.04403290521353483 210
1743433116232 0.06793311979621648 211
1743433122824 0.05836732029914856 212
1743433129316 0.2694246541708708 213
1743433129898 0.2598463276773691 214
1743433136608 -0.11802839063107967 215
1743433142911 0.33163867585361007 216
1743433144775 0.34180385783314704 217
1743433151460 0.14508762799203395 218
1743433157798 0.1764482881501317 219
1743433164224 -0.09661666389554739 220
1743433170796 0.0006648153066635132 221
1743433177131 -0.02665013078600168 222
1743433183665 -0.1914890874736011 223
1743433184248 -0.20439539661630987 224
1743433190901 0.06209629163146019 225
1743433197382 0.31379350811243056 226
1743433204163 0.0007917041331529617 227
1743433210751 0.2973999695852399 228
1743433217336 0.1934987922385335 229
1743433217901 0.18987390656024217 230
1743433224155 0.036098629236221313 231
1743433230748 0.030487220920622348 232
1743433237237 -0.0929473739489913 233
1743433244112 0.17130871545523405 234
1743433244691 0.1826528562232852 235
1743433251015 0.253216670230031 236
1743433257704 0.4033305789530277 237
1743433263967 0.23109754022210838 238
1743433270756 0.007458817195147276 239
1743433277251 0.05213096633553505 240
1743433283416 0.14661356955766677 241
1743433289772 -0.07862592671066522 242
1743433290346 -0.08959720578044653 243
1743433296557 0.26105616573244333 244
1743433303122 0.1797015307843685 245
1743433303909 0.18363053746521474 246
1743433310107 0.26309889405965803 247
1743433316540 0.12686649560928345 248
1743433323197 -0.055953067615628245 249
1743433329548 -0.03397050257772207 250
1743433335764 -0.15961351908743382 251
1743433342496 0.06317453667521476 252
1743433348962 -0.15348182480782271 253
1743433355645 -0.18861599273979665 254
1743433362048 -0.056895095445215704 255
1743433368646 -0.1345804550498724 256
1743433375349 -0.09300061702728271 257
1743433381929 0.08770812764763831 258
1743433388387 0.010478788204491139 259
1743433394913 -0.12611690301448106 260
1743433401097 0.3065796993300319 261
1743433407477 0.10995702914893628 262
1743433413957 0.09373870350420475 263
1743433420566 0.11400674182921648 264
1743433427262 0.14664083713665604 265
1743433433471 0.13132239419966937 266
1743433439744 0.13688339319080114 267
1743433446285 0.06849789641797542 268
1743433452762 0.1178490862250328 269
1743433459333 0.1147202567756176 270
1743433466128 0.28216705277562143 271
1743433473134 0.02748331256210804 272
1743433479963 0.2792231046408415 273
1743433486921 0.19549646988511085 274
1743433493845 0.09627985201776028 275
1743433500412 0.01146058514714241 276
1743433507200 -0.07426683705300093 277
1743433514033 0.049994639307260516 278
1743433520919 0.1341951385140419 279
1743433527603 0.13886747356504203 280
1743433534436 0.12956469412893057 281
1743433540910 0.16484849765896797 282
1743433547615 0.18082788240164518 283
1743433554111 0.09083575598895549 284
1743433560930 -0.0380938920378685 285
1743433567262 0.27647757407277823 286
1743433574093 -0.10111374255269766 287
1743433581025 -0.034111398980021475 288
1743433588108 0.17925940126180648 289
1743433595003 0.16574506908655168 290
1743433596027 0.17124612063169478 291
1743433602812 -0.013906671274453402 292
1743433609547 0.2838250010088086 293
1743433616544 0.019406928196549416 294
1743433623313 0.22464247960597278 295
1743433630002 -0.08586999289691448 296
1743433630580 -0.09119941644370556 297
1743433636935 -0.05141463704407215 298
1743433643366 -0.14304431967437267 299
1743433649955 -0.08049186430871487 300
1743433656536 -0.3041210321709514 301
1743433663166 -0.25788624281063677 302
1743433669743 -0.13109564766287804 303
1743433676116 0.037849589493125675 304
1743433682753 0.0985742950066924 305
1743433683331 0.09889150198549032 306
1743433689619 -0.09585080433636904 307
1743433696318 -0.1900923205912113 308
1743433702775 0.14597750158980488 309
1743433709503 -0.2536675590276718 310
1743433712292 -0.2837254666537046 311
1743433719266 -0.2743834320642054 312
1743433725959 0.015047244820743799 313
1743433732697 -0.10469870269298553 314
1743433739102 0.07903518579900265 315
1743433740128 0.08402726732194424 316
1743433740715 0.08882922761142253 317
1743433747121 -0.08495327491313219 318
1743433753722 -0.06331046447157859 319
1743433760139 0.019435719922184944 320
1743433766823 -0.02747508533298969 321
1743433773165 0.07321274686604738 322
1743433779432 0.04763599164783955 323
1743433786142 0.11608482353389263 324
1743433792274 0.24140616971999407 325
1743433798598 0.13481735125184058 326
1743433805628 0.12271313179284334 327
1743433812202 -0.08269300796091557 328
1743433818631 0.29929744347929954 329
1743433825268 0.041091284994035956 330
1743433832005 0.052466278560459614 331
1743433832587 0.04623661015182733 332
1743433839350 0.19348743487149478 333
1743433846039 -0.12007202804088593 334
1743433852596 -0.1762518542073667 335
1743433859358 -0.002376832477748394 336
1743433865843 -0.07180531930178403 337
1743433872704 -0.23979518128558994 338
1743433879247 -0.2410919027030468 339
1743433879926 -0.24057892128825187 340
1743433886572 -0.2531376316025853 341
1743433892667 0.020640901662409304 342
1743433899342 -0.03617827225476503 343
1743433906221 -0.085502869784832 344
1743433912930 -0.20413347218185662 345
1743433913509 -0.20163548920303584 346
1743433920167 -0.05041079606860876 347
1743433926657 -0.10015733659267426 348
1743433933363 -0.035125514417886736 349
1743433940109 -0.18135081734508277 350
1743433946855 0.11650327425450087 351
1743433953211 0.2321156319230795 352
1743433960145 -0.06993054278194905 353
1743433967017 0.20196095569059253 354
1743433973394 -0.07259074322879315 355
1743433979994 0.03535932041704655 356
1743433986717 0.08259370531886816 357
1743433992944 -0.0067841001972556115 358
1743433999547 -0.06918852418661117 359
1743434006514 0.13860793586820364 360
1743434013315 -0.0535608696192503 361
1743434020085 -0.18557101348415017 362
1743434026868 -0.023583508729934692 363
1743434027456 -0.027319517135620117 364
1743434034055 -0.061118026599287986 365
1743434040837 -0.01207300003618002 366
1743434047265 -0.1898310496658087 367
1743434053859 0.34659094652161004 368
1743434060306 0.1382211519405246 369
1743434066823 -0.12818851292133332 370
1743434070596 -0.07749670196324587 371
1743434077882 0.04537844158709049 372
1743434084998 -0.11912835780531168 373
1743434091818 0.04864793419837952 374
1743434098640 -0.006196139901876449 375
1743434105367 0.016079923138022423 376
1743434111989 -0.025495594516396523 377
1743434118461 0.3767731485888362 378
1743434125237 -0.10766290906816721 379
1743434131974 -0.006341011002659797 380
1743434138426 0.21906343713402748 381
1743434145042 0.12942018643021583 382
1743434151321 0.059813128113746644 383
1743434151896 0.06997297286987304 384
1743434154003 0.09057331323623657 385
1743434161097 0.0307989564538002 386
1743434167724 -0.05949006907641888 387
1743434174539 0.25031532511115073 388
1743434181109 -0.12201550260186195 389
1743434187533 0.12751093570142985 390
1743434193876 0.3159183046221733 391
1743434200744 0.22973234467208387 392
1743434201323 0.2322796880453825 393
1743434207949 0.13291892349720003 394
1743434214923 0.0888872529938817 395
1743434221642 0.1694364694878459 396
1743434228337 0.06838856354355811 397
1743434235410 -0.22097905401140452 398
1743434242295 -0.06924008797854185 399
1743434249212 -0.033609036337584254 400
1743434255909 -0.10992204919457435 401
1743434262685 0.06655423127114773 402
1743434269292 -0.08339858919382095 403
1743434275974 -0.06406259648501873 404
1743434283296 0.04844549492001533 405
1743434290008 0.1121541178599 406
1743434296965 -0.14347246028482913 407
1743434303690 0.03209825955331325 408
1743434310547 -0.0749614181742072 409
1743434317526 -0.0647178678959608 410
1743434324528 -0.09961068246513605 411
1743434331063 -0.10435576926916838 412
1743434337484 -0.024132760763168334 413
1743434344441 -0.03633049694821239 414
1743434350852 -0.045293049812316896 415
1743434357392 0.03576819762587547 416
1743434363849 -0.013344060778617859 417
1743434370408 0.06290453126654029 418
1743434377010 -0.07789041873067618 419
1743434383295 0.02712996793910861 420
1743434389968 0.2069586580619216 421
1743434396408 0.031132770776748656 422
1743434402772 0.021643482372164725 423
1743434409191 -0.03193233352154493 424
1743434409915 -0.0336710524186492 425
1743434416552 -0.04269311964511871 426
1743434423161 0.023300290554761887 427
1743434429771 0.07330594569444657 428
1743434436356 -0.042785477824509144 429
1743434436937 -0.03816435169428587 430
1743434443421 0.08473812941461802 431
1743434450174 -0.1494449158757925 432
1743434456939 -0.09563656505197286 433
1743434463627 -0.035462073422968386 434
1743434470253 -0.36308268368244173 435
1743434470841 -0.35576541900634767 436
1743434477300 -0.0017201388627290726 437
1743434484131 0.12115492925047874 438
1743434491091 0.2236654656752944 439
1743434491675 0.21935951616615057 440
1743434498266 0.448372514359653 441
1743434504975 -0.05417858768254519 442
1743434511479 0.08998206149786711 443
1743434517942 -0.07013667088001967 444
1743434524530 -0.06010147836059332 445
1743434531113 -0.004519756697118282 446
1743434538068 0.05015358187258243 447
1743434544289 -0.09985537432134152 448
1743434550672 -0.03844836439937353 449
1743434557147 0.12171860352158546 450
1743434563534 0.0593134356290102 451
1743434570167 -0.041867049150168895 452
1743434576828 0.07363625604659318 453
1743434583458 -0.19587505334988237 454
1743434590250 -0.1071743193268776 455
1743434597036 0.01674433093518019 456
1743434603753 0.06912295136600732 457
1743434610175 0.07811046689748764 458
1743434616874 0.051661759130656716 459
1743434623442 -0.05314311992377043 460
1743434629650 0.03275700367987156 461
1743434635868 0.007146223336458206 462
1743434638133 -0.034254271276295184 463
1743434644406 0.15043238256126643 464
1743434650970 0.137594896517694 465
1743434657461 -0.18941955395042898 466
1743434663965 -0.11019354555755853 467
1743434670515 0.10219410881400108 468
1743434676663 -0.027401261776685715 469
1743434682561 0.02281189050525427 470
1743434688765 0.07655247367918491 471
1743434695385 -0.08330930896103382 472
1743434702223 -0.3657325641810894 473
1743434708742 -0.19619170662015675 474
1743434715506 -0.21109831489622594 475
1743434721903 -0.08107702583074569 476
1743434728741 0.1016948863863945 477
1743434735329 -0.10130480285733938 478
1743434742212 0.035189200192689896 479
1743434749199 -0.14106972344219684 480
1743434755583 -0.321770186573267 481
1743434762258 -0.011659149285405875 482
1743434768641 0.1438269555568695 483
1743434775389 -0.11371421605348588 484
1743434781844 0.24402735579758883 485
1743434788735 0.22080860838294028 486
1743434795799 -0.19571303647011518 487
1743434796391 -0.20498895805329084 488
1743434803884 -0.14683754980564118 489
1743434810770 0.16288367982953786 490
1743434818061 0.18449013974517584 491
1743434824930 0.13374404987320304 492
1743434832237 0.06577993139624595 493
1743434839487 0.013300679810345172 494
1743434846615 0.18349463552236556 495
1743434853335 0.11167595259845257 496
1743434859391 0.13049440041184426 497
1743434865164 0.002566150575876236 498
1743434871511 0.045858466625213624 499
1743434877620 0.08698486797511577 500
1743434883881 -0.35478066980838774 501
1743434889996 0.08930533062666654 502
1743434895985 0.14303932003676892 503
1743434902692 0.07520467694848776 504
1743434908829 0.0891863457672298 505
1743434909511 0.09902709973976016 506
1743434915705 0.16349883565679194 507
1743434921803 -0.060457329005002974 508
1743434927532 0.10085648763924837 509
1743434933695 -0.05012297969311476 510
1743434939641 -0.182653298266232 511
1743434945766 0.08002376466989518 512
1743434947869 -0.028273431435227394 513
1743434953971 0.024146377593278884 514
1743434956073 0.08090081036090851 515
1743434962057 -0.19896387949585914 516
1743434962622 -0.1952527256309986 517
1743434968676 -0.37708884105086327 518
1743434974829 0.06043744459748268 519
1743434980787 0.1499507424980402 520
1743434986614 0.32443976469337943 521
1743434992544 0.2970661577582359 522
1743434998300 -0.32389345474541187 523
1743435004031 0.05679149854928255 524
1743435009906 -0.018082801811397077 525
1743435016016 -0.021491694897413254 526
1743435021881 0.003965606093406677 527
1743435027647 0.07380074389278889 528
1743435033231 -0.205160828307271 529
1743435039167 -0.013378942012786865 530
1743435045021 -0.06693836946040392 531
1743435050930 0.1335152367502451 532
1743435057272 -0.3207956255227327 533
1743435063220 0.01758124276995659 534
1743435069255 -0.0529782559722662 535
1743435075413 0.04626536026597023 536
1743435081417 0.17959922060370445 537
1743435081989 0.1906649301946163 538
1743435088076 -0.03428728766739368 539
1743435093908 -0.10123990256339312 540
1743435094477 -0.08056314427405596 541
1743435100519 0.1157765494287014 542
1743435106629 -0.16594371359795332 543
1743435112735 0.0037008608877658845 544
1743435114400 -0.04803350031375885 545
1743435120385 -0.010312190875411034 546
1743435122003 -0.015425821915268898 547
1743435127918 0.07947758819907903 548
1743435133934 0.06614644691348076 549
1743435139982 -0.3140643885731697 550
1743435145906 0.24263158604502677 551
1743435146475 0.24591629430651665 552
1743435152437 0.08855155907571316 553
1743435158117 -0.023015353567898272 554
1743435163860 0.1393603251129389 555
1743435169543 -0.11487872771918774 556
1743435174688 -0.1341631194576621 557
1743435179821 -0.5304706886410713 558
1743435184894 -0.31337065026164057 559
1743435190256 -0.07831505984067917 560
1743435195493 0.19825460333377123 561
1743435200861 0.06533649727702141 562
1743435201413 0.061888979524374006 563
1743435206813 -0.15709448963403702 564
1743435212156 0.0681616528145969 565
1743435217301 0.24146941021084786 566
1743435222942 0.1304019036889076 567
1743435228416 0.08939461171627044 568
1743435235596 0.042063944488763806 569
1743435243378 0.26230509739369157 570
1743435250295 0.1370496565848589 571
1743435257438 -0.35588163446635007 572
1743435264441 -0.16315992936491966 573
1743435271587 -0.019184250384569168 574
1743435278355 0.09053267441689967 575
1743435285109 -0.20343945611268283 576
1743435291985 0.11902706831693649 577
1743435293757 0.16934267811477186 578
1743435300804 0.22592165924608706 579
1743435307933 -0.2594532600417733 580
1743435314960 -0.06042059160768986 581
1743435322015 0.2831669004261494 582
1743435323899 0.3083938257396221 583
1743435331223 0.34186292201280594 584
1743435339271 -0.2396331438794732 585
1743435346436 -0.09845797207206487 586
1743435353285 -0.04700930044054985 587
1743435353876 -0.04886917561292648 588
1743435360676 -0.09221876941621304 589
1743435362462 -0.12661605596542358 590
1743435368999 0.11990523293614387 591
1743435374905 0.03562800481915474 592
1743435382063 0.10219066340476274 593
1743435389581 0.06434017233550549 594
1743435396447 0.10000492185354233 595
1743435403329 0.025694995187222958 596
1743435410007 0.07795183196663856 597
1743435416999 0.17607703309506179 598
1743435424001 -0.17090210307389497 599
1743435431575 0.17099129788577558 600
1743435438591 0.12955871164798738 601
1743435446240 -0.24301286095753313 602
1743435452886 -0.05551959030330181 603
1743435459789 -0.05750064559280872 604
1743435460362 -0.05005784504115582 605
1743435467099 0.30796954564750195 606
1743435474243 0.23923121742904185 607
1743435481285 -0.06502071995288133 608
1743435489278 0.07352620337158441 609
1743435496014 -0.07625613413751126 610
1743435502875 -0.3178714881837368 611
1743435509831 -0.06585852060467005 612
1743435516549 0.05628327757120132 613
1743435524199 -0.12525938309729098 614
1743435524786 -0.1125833559781313 615
1743435532129 -0.09461492516100406 616
1743435541129 -0.06070822954177856 617
1743435548137 0.10864958323538304 618
1743435555541 0.18935772547498345 619
1743435563140 0.16904380545020103 620
1743435570901 0.004522089324891568 621
1743435579069 -0.21996474966406823 622
1743435586127 0.15857654698193074 623
1743435587935 0.21250480376183986 624
1743435588522 0.20537264309823514 625
1743435589097 0.21808007322251796 626
1743435595327 -0.03510015975683928 627
1743435596051 -0.04652583848685026 628
1743435602803 0.2506885035522282 629
1743435609800 0.026284874826669694 630
1743435616451 0.21621385384351016 631
1743435623419 0.04503254663199186 632
1743435631388 0.06819957971572876 633
1743435637918 -0.018022710271179677 634
1743435638514 -0.015501157976686955 635
1743435645371 0.057140532955527304 636
1743435651818 -0.0799145844951272 637
1743435652401 -0.08355845931917429 638
1743435659219 0.043945702500641344 639
1743435660061 0.11994212675839662 640
1743435666573 0.28653009317815303 641
1743435668830 0.1265449257940054 642
1743435675329 -0.2875178984552622 643
1743435681899 0.11464761048555375 644
1743435688575 -0.06310422070324422 645
1743435696424 0.03156942363828421 646
1743435703877 0.12050532415509224 647
1743435710746 0.07293794468045235 648
1743435718540 0.0989136753231287 649
1743435726328 0.05311660476028919 650
1743435733645 0.04900455921888351 651
1743435740488 0.08826718021184206 652
1743435747327 0.03504674267023802 653
1743435754191 -0.18037424189969897 654
1743435761850 0.024880073815584183 655
1743435769438 0.04226557146757841 656
1743435776884 -0.08457040973007679 657
1743435783825 0.09717347998172045 658
1743435791937 -0.020762365981936454 659
1743435799171 0.1240032384544611 660
1743435806202 -0.03645161733031273 661
1743435813017 0.10190217731520533 662
1743435820548 0.20816327191889286 663
1743435827466 0.15245861157774926 664
1743435833684 -0.038135728761553765 665
1743435840358 -0.013847896307706832 666
1743435842124 -0.05063282117247581 667
1743435848786 -0.18804799461737276 668
1743435849777 -0.19374587783589958 669
1743435856915 -0.13567408934235572 670
1743435864140 -0.03700568147003651 671
1743435871081 0.09481446735560894 672
1743435877594 0.16634216267615556 673
1743435884901 0.11875467576086521 674
1743435891720 0.08105286248028279 675
1743435899014 0.17994519550353288 676
1743435906039 -0.22738719902932644 677
1743435912800 -0.1214215636998415 678
1743435919763 -0.1746387032419443 679
1743435927028 0.12285716872662306 680
1743435933929 -0.12336458235979081 681
1743435940762 -0.054142525028437374 682
1743435942908 0.058934176061302426 683
1743435943497 0.061000585053116084 684
1743435949923 -0.05261382058262825 685
1743435956450 -0.07633858293294907 686
1743435964279 0.0617204874753952 687
1743435970891 -0.14834937453269958 688
1743435977326 -0.17208362728357315 689
1743435985007 -0.05547610208392143 690
1743435992200 0.030777386948466302 691
1743435999309 -0.01753938727080822 692
1743436007070 -0.09176798578351736 693
1743436014294 0.04326172258704901 694
1743436021139 0.010035754814743995 695
1743436028958 -0.04677991919219494 696
1743436036561 -0.011369304209947586 697
1743436044138 -0.06752765281125903 698
1743436050922 0.12082386750727891 699
1743436057650 0.08167795304208994 700
1743436064654 0.2227172190323472 701
1743436071360 -0.08815049182623624 702
1743436078313 -0.38538692666217683 703
1743436079079 -0.3857170618884265 704
1743436085852 -0.232843967564404 705
1743436086440 -0.232865780480206 706
1743436093055 -0.1398626236617565 707
1743436099697 0.2404204724729061 708
1743436101681 0.24409156683832406 709
1743436108269 0.08107353001832962 710
1743436115538 0.20131877005100252 711
1743436122562 0.16251561764627695 712
1743436129519 0.1735647065192461 713
1743436131342 0.13392786391079425 714
1743436137879 0.05031603142619133 715
1743436144800 -0.0399882622808218 716
1743436146644 -0.02252038963139057 717
1743436153440 0.05145795531570911 718
1743436160044 -0.14529661752283574 719
1743436166682 0.08377479881048203 720
1743436172959 0.19239936120808124 721
1743436179394 -0.11805074006319045 722
1743436186132 0.14338662941008806 723
1743436192805 0.039203690998256206 724
1743436199413 0.14839631836861372 725
1743436205850 0.22932098619639874 726
1743436213196 -0.21866043590009213 727
1743436220035 -0.0029823198169469834 728
1743436226793 0.03509491235017777 729
1743436233159 -0.09662382990121841 730
1743436239730 0.008771510869264603 731
1743436246544 -0.059879539683461186 732
1743436253553 -0.20519762080162762 733
1743436260189 0.016850662119686603 734
1743436267050 -0.16269995048642158 735
1743436273594 0.0077926661074161525 736
1743436274329 -0.019296524077653886 737
1743436281450 0.17881521303206682 738
1743436288051 0.2772377893328667 739
1743436294560 0.17455431684851647 740
1743436301801 0.19120108723640442 741
1743436308691 0.11447804860770702 742
1743436315523 0.136798894405365 743
1743436316117 0.13111151464283466 744
1743436322935 -0.02364290155470371 745
1743436324827 -0.052690316289663315 746
1743436332119 0.36500822406262157 747
1743436339545 0.2278805198147893 748
1743436340144 0.23517883140593768 749
1743436347156 0.049644115827977654 750
1743436354442 -0.07421644121408462 751
1743436361655 0.09693438306450844 752
1743436368750 0.03676596503704786 753
1743436375611 -0.030094681084156038 754
1743436382655 -0.2931474435701966 755
1743436389457 0.07173250786960125 756
1743436396440 -0.1195332107692957 757
1743436403423 -0.1196549815312028 758
1743436410517 -0.1240490547195077 759
1743436416900 -0.07869577094912529 760
1743436423476 0.14138054382055998 761
1743436430471 0.15569365687668324 762
1743436437305 0.06755677379667759 763
1743436443912 -0.06255209360271692 764
1743436450325 -0.09123372536152602 765
1743436457018 0.0789398204907775 766
1743436463617 0.25747240759432316 767
1743436464341 0.2623405671864748 768
1743436464935 0.26585254885256293 769
1743436471615 0.034302134923636915 770
1743436478271 0.2422498296201229 771
1743436484917 0.04947929255664349 772
1743436491510 0.1694673839583993 773
1743436498276 0.15552587740123272 774
1743436505321 0.12926766447722912 775
1743436512084 -0.2539993601292372 776
1743436519265 -0.17406625494360925 777
1743436526403 -0.16556227803230286 778
1743436533494 0.06647526979446411 779
1743436540456 -0.017165825739502906 780
1743436547861 -0.45557493463158605 781
1743436548455 -0.46000917568802835 782
1743436555021 -0.20704250372946262 783
1743436557205 -0.1447390890493989 784
1743436564090 -0.17756622701883315 785
1743436570240 -0.30488297052681446 786
1743436576468 0.23310319636017085 787
1743436577055 0.2344003615155816 788
1743436583932 -0.22510064270347357 789
1743436591409 -0.19119156409054994 790
1743436597916 -0.12702532164752484 791
1743436598531 -0.1209483240544796 792
1743436604927 0.17921680126339198 793
1743436611435 0.1381284698098898 794
1743436618296 0.0039657878503203394 795
1743436624985 0.21503392815589906 796
1743436631709 -0.027443764116615057 797
1743436638233 -0.09026287898421287 798
1743436644622 -0.0619514574855566 799
1743436651780 -0.041346772238612176 800
1743436658348 -0.26656815767288206 801
1743436665546 -0.07546549167484046 802
1743436672521 0.015062380284070968 803
1743436673134 0.03655906245112419 804
1743436680180 -0.037138923071324825 805
1743436687404 0.12941477403044702 806
1743436694068 -0.06963882461190224 807
1743436700615 0.014632619470357894 808
1743436707526 -0.13600752994418144 809
1743436710817 -0.007737973891198635 810
1743436718162 -0.19558910343796015 811
1743436724909 0.0054674150981009004 812
1743436732376 0.059441525209695104 813
1743436739582 0.08041711993515492 814
1743436746822 -0.10620079983025789 815
1743436754338 -0.3219660683721304 816
1743436761817 0.15212495360523462 817
1743436768280 0.04234735891222954 818
1743436775457 -0.06851412020623684 819
1743436783065 0.020703876614570616 820
1743436791667 0.14531292423605918 821
1743436798373 0.10338402241468429 822
1743436804705 -0.14222975369542837 823
1743436812509 -0.13710017453879117 824
1743436819715 0.08289977110922336 825
1743436826771 -0.1744546765089035 826
1743436834261 -0.020901518054306508 827
1743436840782 0.1018634608387947 828
1743436847484 0.060451574996113776 829
1743436854560 -0.03888007797300816 830
1743436856969 0.0076876506954431535 831
1743436864168 0.14225372321903706 832
1743436871689 0.06459796376526356 833
1743436878613 0.18794636182487012 834
1743436886335 -0.2133358734846115 835
1743436893075 -0.014419026970863343 836
1743436901115 -0.013892430663108826 837
1743436910394 0.04787912283092737 838
1743436918466 0.133942132294178 839
1743436925857 0.012334318608045578 840
1743436933595 -0.06042803980410099 841
1743436940243 -0.015239756479859352 842
1743436946835 -0.25196633499115706 843
1743436947425 -0.2519864348694682 844
1743436954250 -0.2816778785735369 845
1743436960985 -0.20042388901114463 846
1743436967644 0.01964301023632288 847
1743436968238 0.02139011014252901 848
1743436975404 0.007830733135342598 849
1743436982777 -0.12099311128258705 850
1743436989083 0.17250916257500648 851
1743436995654 0.10213441550731658 852
1743437002497 0.1577390757575631 853
1743437009269 0.05676294784992933 854
1743437016738 -0.13653102669864892 855
1743437024130 -0.3688573465868831 856
1743437031574 -0.15732187546789647 857
1743437039126 0.09398672834038735 858
1743437046523 0.32106031410396096 859
1743437053062 0.0870946978405118 860
1743437059723 0.3175732868909836 861
1743437066950 0.15849820222705602 862
1743437074876 0.3112626737728715 863
1743437082054 0.0988286448456347 864
1743437088592 -0.058859804272651674 865
1743437095752 0.3003105774149299 866
1743437102228 0.12846654493361712 867
1743437108637 -0.020717347413301467 868
1743437115568 0.2456127344071865 869
1743437122630 0.12607019195333125 870
1743437129632 0.012634247168898582 871
1743437136761 0.08796915354207158 872
1743437143861 -0.05180876033380628 873
1743437150862 0.03767277866601944 874
1743437157791 -0.16808060761541127 875
1743437165234 0.05365324333310127 876
1743437171843 -0.029939167983829975 877
1743437178135 -0.29639259044080973 878
1743437184279 -0.1450700380280614 879
1743437191703 -0.11551498007029296 880
1743437192289 -0.1116045043990016 881
1743437199537 -0.010400691442191601 882
1743437206144 -0.22800135627388954 883
1743437212540 -0.17268356412649155 884
1743437219574 -0.1638410697132349 885
1743437226234 -0.040980609506368636 886
1743437233484 -0.014588608779013157 887
1743437241015 0.1159582456573844 888
1743437247988 0.0012076438963413239 889
1743437254740 0.021767280884087085 890
1743437261224 0.1548476803302765 891
1743437267728 0.022598945684731007 892
1743437274813 -0.2646781691163778 893
1743437281420 -0.25813807770609853 894
1743437288527 -0.24205662455409765 895
1743437295847 0.046022781543433665 896
1743437303315 -0.15659593719989062 897
1743437310171 0.12535524874925613 898
1743437316996 0.11335873879492282 899
1743437323772 -0.06611388459801674 900
1743437330994 -0.024494038578122854 901
1743437338644 -0.2853973661363125 902
1743437346101 -0.03300359677523375 903
1743437352371 -0.04518439538776874 904
1743437358566 0.05242940180003643 905
1743437365870 0.10620930422097445 906
1743437372555 0.06462214728817343 907
1743437379290 -0.0014934676140546798 908
1743437387966 0.02075339812785387 909
1743437394583 -0.20739979267120362 910
1743437402534 0.07935078755021095 911
1743437408853 -0.07880648836493492 912
1743437415192 -0.16341422993689775 913
1743437421846 0.04830574847757816 914
1743437430140 0.0967859908938408 915
1743437437723 0.10936903558671475 916
1743437445458 0.18613644897937776 917
1743437452610 0.3474125549197197 918
1743437459752 -0.16030641827732325 919
1743437466252 0.14003394044935702 920
1743437473390 0.048463807851076124 921
1743437480053 0.2758597168698907 922
1743437486907 -0.03748216368257999 923
1743437494319 0.12088930785655976 924
1743437500953 0.08165504656732082 925
1743437507765 0.25532313670963047 926
1743437514863 -0.16170197807252407 927
1743437521518 0.16483096323907376 928
1743437525879 0.05699340675026179 929
1743437532597 -0.049586493838578466 930
1743437539457 -0.21169173389673232 931
1743437546340 -0.01181887675076723 932
1743437552479 0.06894236829131842 933
1743437558529 0.07619125511497259 934
1743437565333 0.21757144205272197 935
1743437572411 0.08427386529743672 936
1743437579585 -0.1493956485390663 937
1743437586224 0.15678368262946607 938
1743437592243 -0.03639704428613186 939
1743437599091 -0.06835410717874765 940
1743437605583 0.43131438493728635 941
1743437612043 0.053619035854935646 942
1743437618688 0.01343925178050995 943
1743437625592 -0.09280298873782158 944
1743437632191 -0.05833095092326403 945
1743437639075 -0.2130981097370386 946
1743437645713 0.011877858266234397 947
1743437652164 0.030443180054426193 948
1743437659026 -0.15749396979808808 949
1743437665645 -0.1575417076051235 950
1743437666237 -0.15065034240484237 951
1743437673874 0.15559692338109016 952
1743437680658 0.10384230434894562 953
1743437687356 0.011262588500976563 954
1743437694293 0.1330575791373849 955
1743437701246 0.20225747995078563 956
1743437707927 0.07201083157211542 957
1743437709640 0.05280172299593687 958
1743437715942 -0.1812064006924629 959
1743437722977 -0.04166533501818776 960
1743437729988 -0.045432212948799136 961
1743437736827 0.11635538049042225 962
1743437743540 0.06879582475870848 963
1743437750464 0.2923314005509019 964
1743437757071 -0.09888366438448429 965
1743437763165 0.012939047366380692 966
1743437769321 -0.144161707572639 967
1743437776137 -0.10621599070727825 968
1743437783018 0.04164061702787876 969
1743437789883 -0.26695956006646154 970
1743437796806 -0.10531368490308524 971
1743437803614 0.1247006713412702 972
1743437810624 0.13651926077902318 973
1743437817475 0.20351041004061698 974
1743437824452 0.053309287913143634 975
1743437831326 -0.07354032695293426 976
1743437833632 -0.002794680967926979 977
1743437840461 0.3016013699769974 978
1743437847633 -0.027835287153720856 979
1743437854890 -0.11171934925019741 980
1743437862148 0.18969494104385376 981
1743437869550 -0.07717788860201835 982
1743437870146 -0.07929743036627769 983
1743437877166 -0.3387415600568056 984
1743437884480 -0.08009720277041196 985
1743437886514 -0.15517458479851484 986
1743437894004 0.12845379941165447 987
1743437901032 -0.03217635877430439 988
1743437901630 -0.037977411821484564 989
1743437908822 -0.10045513641089202 990
1743437915789 -0.10343792349100113 991
1743437922517 -0.15980673238635063 992
1743437929151 -0.08674873657524586 993
1743437935751 0.17171399347484112 994
1743437942830 0.1986586231738329 995
1743437949389 0.19189957182854414 996
1743437955831 0.08351430349051953 997
1743437962590 -0.2597510752826929 998
1743437969597 -0.21161560028791426 999
1743437976610 -0.22049851156771183 1000
1743437983717 0.0174762424826622 1001
1743437990489 -0.1178423959761858 1002
1743437997343 0.115999796949327 1003
1743438004351 0.0325105469673872 1004
1743438011023 0.003367496877908707 1005
1743438017875 -0.1535515746474266 1006
1743438024880 -0.23774608708918094 1007
1743438031688 0.005025401823222637 1008
1743438038793 -0.040017900094389915 1009
1743438045290 -0.03271012082695961 1010
1743438052175 -0.20434392519295216 1011
1743438059305 0.17701347932219505 1012
1743438066307 0.1871144250035286 1013
1743438072927 0.25910933639854195 1014
1743438075055 0.2896267525851727 1015
1743438081907 0.13321557201445103 1016
1743438088429 -0.03130010724067688 1017
1743438095563 -0.03001137584447861 1018
1743438102941 0.276484839618206 1019
1743438110138 0.1963881778717041 1020
1743438117326 0.10020371988415717 1021
1743438117924 0.11100679293274879 1022
1743438125293 -0.2769062376022339 1023
1743438131651 -0.020291899740695955 1024
1743438138242 0.07489254932850599 1025
1743438144851 -0.02318856343626976 1026
1743438151922 0.05454391945153475 1027
1743438159075 0.10404680669307709 1028
1743438166329 0.00785549622029066 1029
1743438166917 0.013583646975457669 1030
1743438173929 -0.0010641461610794067 1031
1743438180995 0.09606488851830364 1032
1743438188078 -0.011526431515812873 1033
1743438194760 -0.15177475608885288 1034
1743438200915 -0.32120913108810784 1035
1743438207594 0.10649398893117905 1036
1743438213887 -0.07584787644445896 1037
1743438220052 0.010668682754039765 1038
1743438226794 0.045201416909694675 1039
1743438232796 0.05804226040840149 1040
1743438240031 0.05091459408402443 1041
1743438246930 -0.02830086175352335 1042
1743438253931 0.01966011792421341 1043
1743438260860 -0.10579756267368794 1044
1743438267647 0.10235191410407424 1045
1743438274376 0.14208198241889478 1046
1743438281338 -0.11578257154673338 1047
1743438287970 -0.3376162562146783 1048
1743438294692 0.05726334780454636 1049
1743438301486 -0.20928365219384432 1050
1743438308343 0.14257241629064082 1051
1743438315242 0.0369105439633131 1052
1743438322388 0.08609440770000219 1053
1743438328662 0.13996979847550392 1054
1743438335103 -0.00293079137802124 1055
1743438341944 0.0048437416926026345 1056
1743438343972 -0.0053788494691252705 1057
1743438352495 -0.04717635616660118 1058
1743438353094 -0.03202986881136894 1059
1743438359546 -0.15673464938998222 1060
1743438366941 -0.17997787196189166 1061
1743438373186 0.05462401211261749 1062
1743438379932 -0.005256960168480873 1063
1743438386234 -0.038319744989275935 1064
1743438392812 -0.11726456770673394 1065
1743438399104 0.016525872945785523 1066
1743438405467 -0.06306638583540916 1067
1743438411783 0.17826407834887503 1068
1743438418595 0.03566189434379339 1069
1743438425520 0.2534574351459742 1070
1743438432331 0.18162121921777724 1071
1743438439130 0.17457637913525104 1072
1743438445817 0.03990390598773956 1073
1743438452592 0.03870904214680195 1074
1743438459392 -0.0920025940425694 1075
1743438466237 -0.1361755320429802 1076
1743438472792 -0.031842432469129565 1077
1743438479731 -0.05705970980226994 1078
1743438486468 0.06313070334494114 1079
1743438492934 0.10120832357555627 1080
1743438499637 -0.06955940306186675 1081
1743438500372 -0.08570574223995209 1082
1743438506927 0.15698922418057917 1083
1743438513323 -0.0654290609806776 1084
1743438519761 0.0006388542801141739 1085
1743438526501 -0.1814256726950407 1086
1743438532985 -0.2964241695404053 1087
1743438539369 -0.06299542728811502 1088
1743438545677 0.060220614485442636 1089
1743438552205 -0.038961599711328745 1090
1743438558798 0.3159465816617012 1091
1743438564826 0.4655843066424131 1092
1743438571006 0.08431597754359245 1093
1743438577256 0.23087633710354566 1094
1743438584047 0.05754654340445995 1095
1743438591363 0.16477644219994544 1096
1743438598866 -0.014555845074355603 1097
1743438605222 -0.05575171574950218 1098
1743438611629 -0.1915643686056137 1099
1743438614424 -0.07508380688726903 1100
1743438615009 -0.06410693688318134 1101
1743438621261 -0.011155937723815441 1102
1743438627760 0.013967742770910263 1103
1743438634735 -0.0015347126871347427 1104
1743438641433 0.10381413634866477 1105
1743438648666 0.0795038429275155 1106
1743438655577 0.2011514051258564 1107
1743438656170 0.19632543817162515 1108
1743438662937 -0.25093379445374014 1109
1743438669869 0.04362255021929741 1110
1743438676753 -0.040150896310806275 1111
1743438683697 -0.07291839264333248 1112
1743438690802 0.06806372541934252 1113
1743438697707 -0.022500844784080983 1114
1743438704661 -0.18117120452225208 1115
1743438706701 -0.09364546213299035 1116
1743438713263 -0.1785048323869705 1117
1743438717283 -0.0725241831690073 1118
1743438723144 0.08484588541090489 1119
1743438729943 0.11451767057180405 1120
1743438736765 -0.16498168386518955 1121
1743438743292 0.055933829322457315 1122
1743438749876 0.009511812664568424 1123
1743438756119 -0.1779578360170126 1124
1743438756874 -0.18784432224929332 1125
1743438763761 0.13959377452731134 1126
1743438770603 0.13491900824010372 1127
1743438777432 0.20851596213877202 1128
1743438778017 0.20419075705111026 1129
1743438784746 0.014650117456912994 1130
1743438791504 -0.0074479755014181135 1131
1743438798362 0.3942226331681013 1132
1743438804545 0.3720123954117298 1133
1743438805128 0.39207913115620613 1134
1743438805716 0.390515346378088 1135
1743438812200 -0.15045271083712577 1136
1743438819062 0.021531372033059597 1137
1743438821111 0.003857935927808285 1138
1743438827904 0.06166326362639665 1139
1743438834612 0.09945964127779007 1140
1743438841113 0.10848203361034393 1141
1743438847716 -0.1195438726246357 1142
1743438854522 0.13261967085301876 1143
1743438861223 0.10832751609385013 1144
1743438867721 0.07712597714737057 1145
1743438874533 -0.14644246019423007 1146
1743438880978 0.1575809956714511 1147
1743438887772 0.018250768929719927 1148
1743438894428 -0.0028216667845845224 1149
1743438901274 -0.17627553068101406 1150
1743438908257 -0.01888035353273153 1151
1743438915623 -0.010078756362199784 1152
1743438922403 -0.063488554880023 1153
1743438929177 0.1402777547389269 1154
1743438936290 -0.0029098788648843766 1155
1743438943174 0.0109278080239892 1156
1743438949618 -0.08149298205971718 1157
1743438956681 0.007918147854506969 1158
1743438963090 -0.17042888578027487 1159
1743438970057 0.06735435850918293 1160
1743438976888 0.11574479579925537 1161
1743438983377 0.11294437032192946 1162
1743438989920 0.19247367043048144 1163
1743438996690 0.013035433068871498 1164
1743439003547 -0.03159839446656406 1165
1743439010295 -0.08887188509106636 1166
1743439016793 0.012992593497037887 1167
1743439023269 -0.1175186013430357 1168
1743439030067 -0.005005910210311413 1169
1743439036864 0.12060771055519581 1170
1743439043028 0.16088934853672981 1171
1743439049479 0.16564020235091448 1172
1743439055901 -0.06752568751573562 1173
1743439062127 -0.047692851424217225 1174
1743439068690 -0.13874269070103765 1175
1743439069282 -0.16476644517853856 1176
1743439075460 -0.26255355931818486 1177
1743439081832 -0.07217243749648333 1178
1743439088339 0.09740832686424256 1179
1743439094622 -0.14591972596943378 1180
1743439101436 -0.06754344016313553 1181
1743439108326 -0.11826625786721706 1182
1743439115270 -0.12064925365149975 1183
1743439122034 -0.18403469301760197 1184
1743439126195 -0.039105746895074844 1185
1743439132378 0.0927145454287529 1186
1743439138705 0.10359638907015324 1187
1743439145730 0.03289452007040381 1188
1743439146366 0.035503151919692756 1189
1743439146939 0.02017921319231391 1190
1743439153700 0.01648918565362692 1191
1743439160412 -0.08830236043781042 1192
1743439167332 0.062322154752910135 1193
1743439169721 0.10071052622050047 1194
1743439176935 -0.20917337384074927 1195
1743439183662 -0.08593573093414307 1196
1743439190525 0.1387211822718382 1197
1743439197449 -0.16949029222130776 1198
1743439204110 -0.13002039887011052 1199
1743439209931 -0.017196228243410588 1200
1743439216344 0.03735855933278799 1201
1743439217078 0.03992240536957979 1202
1743439218749 -0.002267598882317543 1203
1743439225548 0.149986675363034 1204
1743439232544 0.07180594764649868 1205
1743439239399 0.06919166978448629 1206
1743439239992 0.07069301795214415 1207
1743439246781 0.0946843320503831 1208
1743439253657 -0.0536302362754941 1209
1743439260539 -0.07301323588937521 1210
1743439267317 0.11249165304005146 1211
1743439274098 0.04642109580338001 1212
1743439280639 0.0104102748259902 1213
1743439287448 0.04816460605710745 1214
1743439289571 -0.03156140100210905 1215
1743439296350 0.1785354942455888 1216
1743439303417 0.09838825978338718 1217
1743439310746 -0.04740458585321903 1218
1743439317973 0.04727421179413795 1219
1743439325126 -0.10816041320562363 1220
1743439331751 -0.07690478563308716 1221
1743439338906 0.020235662683844566 1222
1743439340965 -0.023006216883659364 1223
1743439347801 0.3100937679409981 1224
1743439354512 0.010559205673635006 1225
1743439361007 0.01037991426885128 1226
1743439367613 -0.030133809223771096 1227
1743439374224 0.013369661197066307 1228
1743439380889 -0.023863393068313598 1229
1743439387600 -0.15069430269300937 1230
1743439394353 -0.299629216529429 1231
1743439401060 -0.04811911564320326 1232
1743439407833 -0.04351277034729719 1233
1743439414704 -0.06896510273218155 1234
1743439421179 -0.2279735264182091 1235
1743439427846 -0.0012590490654110908 1236
1743439434941 -0.0388523168861866 1237
1743439441844 0.15834669931791723 1238
1743439448784 -0.06459289871156215 1239
1743439455646 0.07876411098986864 1240
1743439462459 -0.08158687226474286 1241
1743439469289 0.09097921080887318 1242
1743439476149 -0.043911767471581695 1243
1743439482923 -0.08420018285512924 1244
1743439489851 -0.057369977384805676 1245
1743439496646 0.019603707380592823 1246
1743439503518 0.17313418820500373 1247
1743439510236 0.07165007803589106 1248
1743439516906 0.0331441542878747 1249
1743439523849 0.027324786614626645 1250
1743439531037 0.20083377674221992 1251
1743439538065 -0.10198894377797842 1252
1743439544978 -0.08159848898649216 1253
1743439551901 -0.21403279963880778 1254
1743439556026 -0.2200110974162817 1255
1743439562788 -0.14087989684194327 1256
1743439569857 -0.11274850290268659 1257
1743439576828 0.025794259794056414 1258
1743439578559 -0.010586631260812282 1259
1743439585322 0.07213536586612462 1260
1743439592629 0.12816498015075922 1261
1743439599455 0.08662828773260117 1262
1743439605831 0.15764087975025176 1263
1743439612643 0.22962569262832402 1264
1743439619677 -0.04001767389476299 1265
1743439621810 -0.026387954428792 1266
1743439628455 -0.1263214798271656 1267
1743439635351 -0.033215683996677396 1268
1743439642223 0.15246454037725926 1269
1743439648784 -0.03860131047666073 1270
1743439655226 0.024194203279912473 1271
1743439657263 0.08512724619358777 1272
1743439664113 0.11656143922358751 1273
1743439670754 0.0003669036738574505 1274
1743439677859 -0.03339996941387653 1275
1743439678449 -0.024579622521996497 1276
1743439685382 0.1272347018867731 1277
1743439692324 0.16525953736156226 1278
1743439699018 -0.043514882326126096 1279
1743439705891 -0.010857587940990924 1280
1743439712583 -0.1360297716408968 1281
1743439719393 0.17825290121138096 1282
1743439726473 0.03924429599195719 1283
1743439729187 0.14014021538197993 1284
1743439735456 -0.09754534132778644 1285
1743439736379 -0.09295277535915375 1286
1743439743673 0.06894187111407518 1287
1743439750690 0.042747469637542966 1288
1743439751287 0.04572073707357049 1289
1743439753971 -0.06364703213796019 1290
1743439760708 0.1967197723314166 1291
1743439767730 0.05166591949760914 1292
1743439774972 -0.06325059585273266 1293
1743439781568 -0.13754405293613672 1294
1743439788397 -0.31638742055743935 1295
1743439795127 -0.07319008577615023 1296
1743439796931 -0.11265612844377756 1297
1743439804142 -0.06681711208075285 1298
1743439810892 -0.19863819237798452 1299
1743439818266 -0.31647012539207936 1300
1743439825062 -0.13321880860254168 1301
1743439831914 -0.01712396528571844 1302
1743439833643 -0.03087948527187109 1303
1743439840466 0.01307263359427452 1304
1743439847182 0.17325347896665336 1305
1743439847946 0.16295287381857634 1306
1743439854996 -0.02092201489955187 1307
1743439861514 -0.10093997366726398 1308
1743439868450 0.11330775253474712 1309
1743439875604 -0.05579559598118067 1310
1743439882400 0.11080414544790983 1311
1743439889412 0.09370442856103182 1312
1743439896558 -0.12220751952379942 1313
1743439903535 -0.12688383795320987 1314
1743439910117 -0.1763514246046543 1315
1743439917318 -0.03759480517357588 1316
1743439924449 -0.0026078642159700393 1317
1743439926210 0.04540457613766193 1318
1743439927047 0.06325993478298188 1319
1743439928758 0.10511536307632924 1320
1743439935936 0.033611180298030376 1321
1743439942957 0.058411096185445786 1322
1743439945596 0.18641981795430185 1323
1743439952278 0.26184437111020087 1324
1743439952865 0.2652534046769142 1325
1743439953462 0.2605034747719765 1326
1743439960448 -0.05165282811969519 1327
1743439967713 -0.13134857445955275 1328
1743439974658 0.01645566925406456 1329
1743439981955 0.006618940606713295 1330
1743439989298 0.05007169626653194 1331
1743439996575 -0.09223227128386498 1332
1743440003870 -0.17192764773964883 1333
1743440004741 -0.13147331938147544 1334
1743440011810 0.11227719858288765 1335
1743440018484 0.07783909618854523 1336
1743440025101 -0.10805807165801525 1337
1743440031939 0.08580199904739856 1338
1743440038755 0.09754916140809655 1339
1743440045560 0.017900157868862152 1340
1743440052635 0.15383165933191775 1341
1743440059773 0.10984528694301844 1342
1743440066492 0.07042433839291334 1343
1743440073251 0.20622403543442488 1344
1743440080163 0.07074913121759892 1345
1743440087304 -0.14460275450721383 1346
1743440089388 -0.1422101494856179 1347
1743440096094 -0.14084625229239464 1348
1743440102982 -0.09228333827108144 1349
1743440103582 -0.08383137758821249 1350
1743440110401 0.08906364139169455 1351
1743440116935 -0.09360515356063842 1352
1743440123498 -0.14739278938621284 1353
1743440125385 -0.09363023471087217 1354
1743440132211 0.0703599813207984 1355
1743440138962 -0.1525476822257042 1356
1743440139546 -0.13826860867440702 1357
1743440146542 -0.2906598510593176 1358
1743440152385 -0.04551840344443917 1359
1743440159150 0.12565226830542087 1360
1743440162311 0.10730753548443317 1361
1743440169374 0.02814696490764618 1362
1743440176304 0.03375876467674971 1363
1743440183087 -0.10546594539657235 1364
1743440184841 -0.13660578528419137 1365
1743440191795 0.13426707487553358 1366
1743440198404 0.190300966873765 1367
1743440205761 0.03088918536901474 1368
1743440212346 0.1470690143480897 1369
1743440219466 0.0869407881051302 1370
1743440226235 0.19543547078967094 1371
1743440230357 0.124252412840724 1372
1743440236957 -0.013138900697231292 1373
1743440243828 -0.11745335198938847 1374
1743440250591 -0.20059187475591897 1375
1743440257606 -0.11230473518371582 1376
1743440264479 0.03540524374693632 1377
1743440271361 0.18238339811563492 1378
1743440278534 0.06243601053953171 1379
1743440285289 0.10385267354547978 1380
1743440292273 0.2692048415541649 1381
1743440299103 0.3018578227236867 1382
1743440306010 0.14189643338322638 1383
1743440313164 -0.07615727938711643 1384
1743440320191 0.181972134783864 1385
1743440326908 0.12634208247065545 1386
1743440333883 -0.062379124388098714 1387
1743440340739 -0.231195663921535 1388
1743440347286 0.05356896787881851 1389
1743440354136 0.10143628556281328 1390
1743440360292 0.047757933605462315 1391
1743440366928 0.07475452192127705 1392
1743440373368 0.04460058182477951 1393
1743440379976 0.0980115994066 1394
1743440386672 0.13655622620135546 1395
1743440392576 -0.007420056238770485 1396
1743440399384 0.0036730366945266725 1397
1743440406192 0.18717913262546063 1398
1743440413169 0.1699825570359826 1399
1743440419952 -0.005778935067355633 1400
1743440426707 0.03390808498486877 1401
1743440427304 0.044052942898124454 1402
1743440433998 0.10117205388844014 1403
1743440440829 -0.13640722326934338 1404
1743440447886 -0.24817315563559533 1405
1743440454704 -0.21335539568215608 1406
1743440461296 -0.11381340559571981 1407
1743440467894 0.11693522714078426 1408
1743440475009 0.1732697020471096 1409
1743440481486 0.22710846442729235 1410
1743440483518 0.20701089058071376 1411
1743440487438 0.09671964414417744 1412
1743440494343 -0.008844964727759362 1413
1743440501418 -0.06474108673632145 1414
1743440508308 -0.11576776079833508 1415
1743440514838 0.16285764686763288 1416
1743440521505 -0.0287274020165205 1417
1743440528549 -0.17476641418412328 1418
1743440535124 0.056096294112503525 1419
1743440541608 -0.05346757169812918 1420
1743440543371 -0.01266353290528059 1421
1743440550347 -0.08862839333713055 1422
1743440557345 0.04000702692195773 1423
1743440564380 -0.05231465071439743 1424
1743440571179 0.040934800133109094 1425
1743440578572 -0.10961780082434416 1426
1743440585378 -0.08491529021412134 1427
1743440591753 -0.0965853113681078 1428
1743440592355 -0.09629150845110417 1429
1743440594156 -0.11303293492645025 1430
1743440601337 -0.26816006630659106 1431
1743440603642 -0.21422074921429157 1432
1743440604393 -0.21032098181545733 1433
1743440611674 0.05164106082171202 1434
1743440618779 0.07266698911786079 1435
1743440626070 -0.05122489672154188 1436
1743440633053 -0.07355734795331954 1437
1743440640117 0.05215674452483654 1438
1743440647334 -0.10604377098381519 1439
1743440649328 -0.13413505613803864 1440
1743440652110 -0.22272120397537948 1441
1743440658770 -0.08427391700446606 1442
1743440665615 -0.09250577718019486 1443
1743440672421 -0.07019060160964727 1444
1743440679181 -0.005635854601860046 1445
1743440686156 0.19263582862913609 1446
1743440692695 0.2988984002545476 1447
1743440699340 -0.15939533174037934 1448
1743440705986 0.018884954676032066 1449
1743440712525 -0.04647989179939031 1450
1743440719246 0.11757779154926538 1451
1743440726445 -0.08390103735029697 1452
1743440733412 0.018796404525637626 1453
1743440740279 0.08922508968040348 1454
1743440747135 0.0035906632617115973 1455
1743440753791 -0.02184534341096878 1456
1743440760394 -0.01947224073112011 1457
1743440766933 -0.17972154159098863 1458
1743440773742 0.10712390320375562 1459
1743440780114 -0.1277589762210846 1460
1743440780866 -0.11502331227064133 1461
1743440787780 0.08976794313639402 1462
1743440794765 0.18335665460675954 1463
1743440801487 0.1560260158777237 1464
1743440808278 0.2906333328410983 1465
1743440815231 0.05355265747755766 1466
1743440821847 0.03325183272361756 1467
1743440823730 -0.0005456185340881347 1468
1743440830257 -0.11966759707778692 1469
1743440836831 -0.03694758776575327 1470
1743440837441 -0.03147935200482607 1471
1743440844352 0.09091191254556179 1472
1743440846296 0.009009423330426217 1473
1743440853333 0.04528151236474514 1474
1743440860381 0.17326441004872323 1475
1743440867179 0.09227417457848787 1476
1743440873980 0.035828101988881825 1477
1743440881312 -0.04112909570336342 1478
1743440888100 0.12370630949735642 1479
1743440895058 0.0893977339565754 1480
1743440902220 0.08159794222563505 1481
1743440909031 0.035437643080949786 1482
1743440911325 0.02521383427083492 1483
1743440918220 0.00704992052167654 1484
1743440924823 -0.05724907778203488 1485
1743440931442 -0.006471216138452291 1486
1743440932040 0.0005501913465559482 1487
1743440938940 -0.07150753792375326 1488
1743440939696 -0.06260686364024877 1489
1743440946976 -0.035171429365873336 1490
1743440954027 -0.13548813804984092 1491
1743440960712 -0.23172129075974227 1492
1743440967792 -0.087176254093647 1493
1743440974276 -0.1416166954487562 1494
1743440980871 0.001743691638112068 1495
1743440988318 -0.0336746121942997 1496
1743440995427 -0.17716762855648993 1497
1743441002680 -0.03519714318215847 1498
1743441009663 -0.033704575002193454 1499
1743441016742 -0.04633076921105385 1500
1743441023642 -0.15652051854878665 1501
1743441031102 -0.01402153380215168 1502
1743441038398 -0.19911190696060657 1503
1743441039002 -0.20227234721183776 1504
1743441046216 0.14832738716155291 1505
1743441053247 -0.028744092285633085 1506
1743441059922 0.15406517002731562 1507
1743441066821 0.1616079718619585 1508
1743441073918 -0.03791170997545123 1509
1743441080896 -0.004373112618923187 1510
1743441082720 0.0028857235237956047 1511
1743441089578 0.07138985548168421 1512
1743441096472 -0.10273660577833653 1513
1743441103011 0.11713311068713665 1514
1743441109474 -0.002447522208094597 1515
1743441116104 0.1764606712758541 1516
1743441123060 -0.018386563807725905 1517
1743441129826 0.2548731537908316 1518
1743441136698 0.11558609571307897 1519
1743441137297 0.10962209787219762 1520
1743441143688 -0.04714838463813067 1521
1743441150374 -0.1509858910739422 1522
1743441157019 -0.14556405913084747 1523
1743441159628 -0.02868446622043848 1524
1743441166407 -0.026615862622857093 1525
1743441173112 -0.17936132680624722 1526
1743441179817 0.063276652880013 1527
1743441182081 0.04421923991292715 1528
1743441189250 0.006277985647320747 1529
1743441196230 0.06721438433974981 1530
1743441203037 0.23605110682547092 1531
1743441209588 0.11833859652280808 1532
1743441210176 0.12415232598781585 1533
1743441217065 0.12329953134059907 1534
1743441224192 0.01442251045256853 1535
1743441231444 0.020218521654605866 1536
1743441238696 -0.10384620517492295 1537
1743441240632 -0.1120208078622818 1538
1743441247844 -0.2673693896457553 1539
1743441254696 -0.06379135347902774 1540
1743441261764 -0.26199028771370647 1541
1743441269168 -0.18631483718752861 1542
1743441270026 -0.1766160411387682 1543
1743441277301 -0.026711920350790022 1544
1743441284542 0.07837505221366882 1545
1743441291382 0.16308359548449516 1546
1743441298505 0.07026065941900014 1547
1743441305175 -0.03813606394454837 1548
1743441311924 -0.09362768609076738 1549
1743441318866 0.0837943784147501 1550
1743441325813 0.07743605569005013 1551
1743441332912 0.2108250442147255 1552
1743441339847 -0.05753931622952223 1553
1743441340449 -0.05386409502476454 1554
1743441342459 0.034211952351033685 1555
1743441349506 -0.08435471352189779 1556
1743441356426 0.030863221883773804 1557
1743441363740 -0.1033053121343255 1558
1743441370337 -0.1013433513790369 1559
1743441377158 -0.14547096818685532 1560
1743441383592 -0.1845399373397231 1561
1743441390302 0.0004901387542486191 1562
1743441396908 -0.0616751242429018 1563
1743441403569 -0.03601946871727705 1564
1743441410188 -0.0815510704368353 1565
1743441417044 -0.12900237277150153 1566
1743441417632 -0.13323408409953116 1567
1743441424676 -0.08075724206864834 1568
1743441431505 -0.020543344654142856 1569
1743441437829 0.13677884109318256 1570
1743441444784 0.09328695796430111 1571
1743441451610 -0.2073564478009939 1572
1743441453741 -0.2716382865794003 1573
1743441460511 -0.06990413464605809 1574
1743441467326 -0.05223018139600754 1575
1743441473717 -0.08887146160006523 1576
1743441476238 -0.09380602300167083 1577
1743441478221 -0.05751978671178222 1578
1743441484698 -0.11260171379894018 1579
1743441491544 -0.0018504168465733528 1580
1743441498545 0.03484197363257408 1581
1743441505682 0.1604656597226858 1582
1743441512809 -0.017585033476352693 1583
1743441513404 -0.017621326744556427 1584
1743441519913 0.11235660467296839 1585
1743441527124 0.08297384966164828 1586
1743441534009 0.20582239970564842 1587
1743441541343 0.12923493526875973 1588
1743441548511 -0.07266877941787243 1589
1743441555404 0.14759013265371324 1590
1743441557043 0.16362362273037434 1591
1743441563770 0.05238247752189636 1592
1743441570699 0.12558305494487285 1593
1743441577454 0.09778847061097622 1594
1743441584324 0.14980111874639987 1595
1743441590987 0.10252947121858597 1596
1743441597692 -0.007265625111758709 1597
1743441605592 0.10994610458612442 1598
1743441608727 0.042166763953864574 1599
1743441615868 -0.24384121529757977 1600
1743441622953 -0.14623897325247526 1601
1743441629856 0.05334761410951614 1602
1743441636410 0.05974379356950522 1603
1743441643294 0.15380201913416386 1604
1743441649932 0.06635792255401611 1605
1743441658437 0.12409711927175522 1606
1743441660115 0.12322504304349423 1607
1743441665854 -0.004996017292141914 1608
1743441671076 0.2433584562689066 1609
1743441676402 0.17757959604263307 1610
1743441676985 0.1768466079235077 1611
1743441682232 0.06330963626503944 1612
1743441687438 -0.09657902490347624 1613
1743441691667 -0.0033687638491392137 1614
1743441696952 0.04260585460811853 1615
1743441702278 0.05140027232468128 1616
1743441707389 0.0634698206745088 1617
1743441712785 0.18693336874246597 1618
1743441717914 0.19981799095869066 1619
1743441723084 -0.047477835640311244 1620
1743441728226 -0.20994788002222775 1621
1743441733562 -0.03131159070879221 1622
1743441739083 0.05887291930615902 1623
1743441744443 0.004185588881373405 1624
1743441749582 -0.09972862768918275 1625
1743441755024 -0.11171673133969307 1626
1743441760392 0.07398461043834687 1627
1743441765762 0.06808690089732408 1628
1743441770904 0.07515016574412585 1629
1743441776301 -0.21812693610787393 1630
1743441781665 -0.08493828143924474 1631
1743441786868 -0.03243706978857517 1632
1743441792078 -0.039511384591460225 1633
1743441797495 0.22509505800902843 1634
1743441802746 0.02624825581908226 1635
1743441808218 0.015075090155005456 1636
1743441813487 -0.09498091638088227 1637
1743441818564 -0.13610331192612649 1638
1743441824049 0.10539285872131586 1639
1743441829168 0.02571802116930485 1640
1743441834431 -0.040374205708503724 1641
1743441836387 -0.06552178487181663 1642
1743441841604 -0.0035494388826191425 1643
1743441846940 -0.0487617664039135 1644
1743441852289 0.12541486226022244 1645
1743441857725 0.1711363336443901 1646
1743441862810 0.07479427367448807 1647
1743441863390 0.07956163570284844 1648
1743441868619 -0.06673596061766147 1649
1743441873921 0.030987263545393943 1650
1743441879239 0.009830511398613453 1651
1743441884467 -0.012522215694189072 1652
1743441889708 -0.09339804112911225 1653
1743441894930 -0.007035523224622011 1654
1743441900232 0.005830464363098145 1655
1743441905453 0.16553417343646287 1656
1743441910872 -0.07388775924220681 1657
1743441916206 0.12341087002307177 1658
1743441921489 -0.01642501600086689 1659
1743441926639 0.0059900121018290516 1660
1743441931826 0.016897062696516515 1661
1743441937049 0.13206751568242908 1662
1743441942302 0.04794075429439545 1663
1743441947781 -0.02353461429476738 1664
1743441953149 -0.027104362975806 1665
1743441953723 -0.033968284260481596 1666
1743441958762 -0.10190799430012704 1667
1743441963928 -0.14489869587123394 1668
1743441969165 -0.12348769277334214 1669
1743441974581 -0.07278873212635517 1670
1743441979685 0.011968948468565941 1671
1743441984878 0.1549718564003706 1672
1743441990009 -0.08187266688793898 1673
1743441995197 0.055335816144943234 1674
1743442000398 0.15426507033407688 1675
1743442002283 0.15458465598523616 1676
1743442007664 -0.06064752902835607 1677
1743442013009 0.004803500324487686 1678
1743442018204 -0.033183080740273 1679
1743442023402 -0.012506735473871232 1680
1743442023987 -0.012423828840255738 1681
1743442029233 -0.031219834089279176 1682
1743442034414 -0.03869393467903137 1683
1743442034989 -0.03429805614054203 1684
1743442040399 -0.1746735107153654 1685
1743442045626 -0.11223121181130409 1686
1743442050684 0.028388809990137816 1687
1743442055800 0.07871902100741864 1688
1743442060936 -0.1026761032640934 1689
1743442066233 -0.024184464402496816 1690
1743442071514 -0.07053908720612526 1691
1743442076954 -0.04136012680828571 1692
1743442081882 -0.018172100950032473 1693
1743442087354 -0.12217041671276092 1694
1743442087934 -0.12072877317667008 1695
1743442093006 0.01849189221858978 1696
1743442094719 -0.0016791369020938873 1697
1743442100158 0.01854111649096012 1698
1743442105350 -0.10907834731042385 1699
1743442105935 -0.11741563089191914 1700
1743442111133 -0.09488350905478 1701
1743442116293 0.154363151229918 1702
1743442121510 -0.02034961646422744 1703
1743442126697 -0.021291378512978555 1704
1743442131783 0.12999089747667314 1705
1743442137132 0.08313262831419706 1706
1743442142442 -0.033155459836125376 1707
1743442147930 0.07157339695841074 1708
1743442153172 0.20370840799063444 1709
1743442158417 -0.05622509941458702 1710
1743442163715 -0.05341414004564285 1711
1743442169194 -0.1268863355368376 1712
1743442174671 -0.1232986481487751 1713
1743442179855 -0.10966126687824726 1714
1743442184960 -0.10934303306043149 1715
1743442190142 -0.0861430672928691 1716
1743442192063 -0.07747591834515333 1717
1743442197108 -0.008851613737642766 1718
1743442200583 0.07114057540893555 1719
1743442206120 -0.013016981594264508 1720
1743442211409 -0.02752000782638788 1721
1743442213459 0.05177936643362045 1722
1743442218734 -0.006570899896323681 1723
1743442224026 0.21866547580808401 1724
1743442229152 0.08171427614986897 1725
1743442234504 -0.03309699278324842 1726
1743442239857 -0.1779593563079834 1727
1743442245194 0.016689878441393375 1728
1743442250537 0.06595061432570219 1729
1743442255803 -0.015484753511846066 1730
1743442261181 -0.05260739099234343 1731
1743442266572 -0.18545885879546403 1732
1743442271890 -0.11062104392796755 1733
1743442272604 -0.11682869393378496 1734
1743442277879 -0.06295832261443138 1735
1743442283244 -0.040200129933655265 1736
1743442284190 -0.0770259940251708 1737
1743442289516 -0.08601030480116606 1738
1743442294741 -0.03510643009096384 1739
1743442299871 0.06177225604653359 1740
1743442305409 0.15921172883361578 1741
1743442306088 0.16183621976524593 1742
1743442311142 0.0747548239119351 1743
1743442312922 0.02738309869542718 1744
1743442318268 -0.03088590007275343 1745
1743442323601 0.03732981279492378 1746
1743442328794 -0.11041378933936358 1747
1743442334327 -0.10122829563915729 1748
1743442339754 0.13275667496025562 1749
1743442344899 0.17569972578436135 1750
1743442345483 0.1707646081224084 1751
1743442350847 -0.052790150493383405 1752
1743442356032 -0.17534530330449344 1753
1743442356736 -0.16700590018182992 1754
1743442361926 0.05732781883329153 1755
1743442367060 -0.01801135055720806 1756
1743442369633 -0.009045981876552105 1757
1743442374919 -0.0018508484959602355 1758
1743442375501 0.0016495555639266968 1759
1743442377107 -0.030253854542970658 1760
1743442378928 -0.029139941409230232 1761
1743442384336 0.007116899564862251 1762
1743442389514 0.02452841814607382 1763
1743442394927 0.0034126970171928406 1764
1743442400378 0.0635032196342945 1765
1743442405617 0.10194414142519236 1766
1743442410821 0.03368080578744412 1767
1743442412565 0.019659754522144794 1768
1743442418077 -0.12086225342005491 1769
1743442423637 -0.13258806250989438 1770
1743442428901 0.024345453679561615 1771
1743442429483 0.017332341223955154 1772
1743442434674 0.18772434268146754 1773
1743442440116 0.08832315504550933 1774
1743442445524 -0.010086325891315938 1775
1743442450763 0.05812728144228459 1776
1743442456093 0.019584101103246213 1777
1743442461320 0.09757963828742504 1778
1743442466573 -0.018094410859048365 1779
1743442468486 0.045420289263129236 1780
1743442473769 0.046027038693428036 1781
1743442478973 0.04040436953306198 1782
1743442479862 0.026387194097042085 1783
1743442485197 0.11763044070452451 1784
1743442490604 0.12421693727374077 1785
1743442496010 0.08060021869838238 1786
1743442501249 0.05120978098362684 1787
1743442506646 0.017718278020620346 1788
1743442510787 -0.10047957863658667 1789
1743442516282 -0.12307627439498901 1790
1743442521525 0.05218109104782343 1791
1743442526849 -0.053730463534593584 1792
1743442532372 -0.13387285351753234 1793
1743442537802 -0.2714703792333603 1794
1743442542938 0.089181129001081 1795
1743442548376 -0.011477729752659798 1796
1743442554001 0.011867443695664406 1797
1743442559321 0.017151976376771925 1798
1743442564618 -0.07200422119349241 1799
1743442569935 -0.0399103257060051 1800
1743442575403 0.1403253678791225 1801
1743442580613 -0.027086590733379125 1802
1743442586030 -0.08062710750848055 1803
1743442586607 -0.07616466980427504 1804
1743442591976 0.1083590329438448 1805
1743442597329 0.20718573845922947 1806
1743442602649 0.11043878991156816 1807
1743442607894 0.08718479361385106 1808
1743442613232 -0.17394098795950413 1809
1743442613814 -0.16878925286233426 1810
1743442619338 1.0059550404548646e-05 1811
1743442620954 0.020226287990808486 1812
1743442626439 -0.09569259513169527 1813
1743442631764 0.021039145328104497 1814
1743442632338 0.023247051425278185 1815
1743442637666 0.053569595403969286 1816
1743442642848 -0.05437071181833744 1817
1743442648231 -0.07266595106571913 1818
1743442653532 0.04262655675411224 1819
1743442658927 -0.12380006559193134 1820
1743442659506 -0.12544474430382252 1821
1743442664928 0.15620326466858386 1822
1743442670231 -0.007594493106007576 1823
1743442675535 0.1165132174640894 1824
1743442681136 -0.11698437888175249 1825
1743442685263 -0.1780873453244567 1826
1743442690386 -0.06029625240713358 1827
1743442695800 -0.039801093935966494 1828
1743442701004 0.05569079466164112 1829
1743442706144 -0.011084022782742977 1830
1743442711605 -0.09833704583346843 1831
1743442717131 -0.01697268892079592 1832
1743442722421 0.08146402046084404 1833
1743442727553 0.04754671379923821 1834
1743442732810 -0.1008460259437561 1835
1743442736170 -0.10590395864099264 1836
1743442741166 0.09852080155164003 1837
1743442746262 -0.023339268378913404 1838
1743442751611 -0.003212321698665619 1839
1743442756932 0.011272429376840592 1840
1743442762295 -0.15369401082396508 1841
1743442765370 -0.09581891970708967 1842
1743442770582 0.19291833393275737 1843
1743442775643 0.2145927669107914 1844
1743442778743 0.19722465615719556 1845
1743442784290 0.05444285780191421 1846
1743442789563 0.18892648285254837 1847
1743442794879 -0.0933304739370942 1848
1743442800145 -0.18389744564890861 1849
1743442805387 -0.09901191763579846 1850
1743442810605 0.06893503867089748 1851
1743442815931 -0.15728713117539883 1852
1743442821414 -0.19060672268271447 1853
1743442826903 -0.1570293592661619 1854
1743442832274 -0.09148864038288593 1855
1743442837898 -0.12524618847295643 1856
1743442843333 -0.10812078729271889 1857
1743442848628 -0.06585231468081475 1858
1743442854226 -0.09606080226600171 1859
1743442859565 0.16629100039601327 1860
1743442864761 -0.06761985644698143 1861
1743442869988 -0.06917764808982611 1862
1743442875353 0.07393720880150795 1863
1743442880568 0.03505856839939952 1864
1743442885859 0.027579695768654346 1865
1743442891358 -0.0877522449940443 1866
1743442896602 -0.161318369358778 1867
1743442897455 -0.16355337522923946 1868
1743442902616 -0.20068238336592914 1869
1743442907967 -0.0830480332300067 1870
1743442913407 0.02979547418653965 1871
1743442918442 -0.09504982996731996 1872
1743442923604 0.12816207733005286 1873
1743442928989 0.1516288822889328 1874
1743442934408 -0.10572517642751336 1875
1743442939701 0.16338714625686407 1876
1743442945037 -0.0013141047954559326 1877
1743442950289 -0.016092428006231785 1878
1743442955557 -0.08571430895477533 1879
1743442960779 -0.08876831363886595 1880
1743442966081 -0.01822539985179901 1881
1743442971334 0.0407834679633379 1882
1743442976551 0.0016446872800588608 1883
1743442978137 -0.017417916730046272 1884
1743442983263 -0.10109433732926845 1885
1743442988548 -0.19164911389350892 1886
1743442993800 -0.12708538196980954 1887
1743442999147 -0.03323686245828867 1888
1743443004353 0.11275560379028321 1889
1743443009455 0.07760349452495575 1890
1743443014548 -0.009499182887375356 1891
1743443019573 0.10941125422716141 1892
1743443024831 0.0909882716089487 1893
1743443030235 0.028705645073205232 1894
1743443035514 0.021225960329174995 1895
1743443040752 0.05942085009068251 1896
1743443041391 0.055528621785342694 1897
1743443042990 0.05534503739327192 1898
1743443048367 -0.06310915801674127 1899
1743443053430 0.05177384547889233 1900
1743443058730 0.032636975571513176 1901
1743443064116 0.0194284750521183 1902
1743443069316 0.1698625498637557 1903
1743443074554 -0.025523438788950442 1904
1743443079584 0.01891623072326183 1905
1743443084846 -0.18410065982490778 1906
1743443086762 -0.17779469948261975 1907
1743443088315 -0.17473653104156256 1908
1743443093725 0.11410105243325233 1909
1743443097844 0.15574191357940437 1910
1743443103161 -0.014186495020985602 1911
1743443108449 -0.07892541620880365 1912
1743443113880 -0.05396561346948147 1913
1743443119163 -0.17356989331543446 1914
1743443125398 0.05918348722159863 1915
1743443130747 0.1080829580128193 1916
1743443135910 0.11347571231424808 1917
1743443141005 0.11283556204289198 1918
1743443146262 0.13430840753018855 1919
1743443148211 0.09719598144292832 1920
1743443153536 0.07425331514328719 1921
1743443154121 0.0787854016944766 1922
1743443159426 -0.04588946294039488 1923
1743443164585 -0.13572396270930767 1924
1743443169817 0.17972316164523364 1925
1743443175193 -0.030150205567479132 1926
1743443176956 -0.04813999094069004 1927
1743443182153 0.067429883107543 1928
1743443187321 0.08486924916505814 1929
1743443192889 0.061181010976433754 1930
1743443198169 0.0957803538441658 1931
1743443203488 -0.05311532936990261 1932
1743443208793 0.060791713371872905 1933
1743443213882 0.07071879845112562 1934
1743443219232 0.13668127451092005 1935
1743443224629 0.05940844401717186 1936
1743443230112 0.0964937448874116 1937
1743443235383 -0.18631793282926082 1938
1743443240468 0.01026334509253502 1939
1743443245626 -0.013145574927330017 1940
1743443246201 -0.018182591646909715 1941
1743443251540 0.1330956537462771 1942
1743443256859 0.2720252813398838 1943
1743443262168 0.13042357828468085 1944
1743443267547 0.06719226993620396 1945
1743443272764 -0.04068460142239928 1946
1743443277939 -0.09549111187458038 1947
1743443283138 -0.0696381537988782 1948
1743443288319 0.12290560714900493 1949
1743443293624 -0.019294249061495065 1950
1743443298935 -0.025323338750749828 1951
1743443304134 0.004180568903684616 1952
1743443304713 0.0016517993062734604 1953
1743443306538 0.011178693138062953 1954
1743443311724 -0.08364188522100449 1955
1743443317024 0.05445859469473362 1956
1743443319760 0.17239073548465966 1957
1743443325304 -0.07497895192354917 1958
1743443330502 0.06396368036046624 1959
1743443335789 -0.08437211386859417 1960
1743443336367 -0.06910321287810803 1961
1743443341662 0.11307020492851734 1962
1743443343609 0.18217203669250012 1963
1743443348781 0.1034175506234169 1964
1743443354124 0.08973175179213286 1965
1743443359466 0.00592985924333334 1966
1743443364642 0.07065902248024941 1967
1743443369906 0.1093674024939537 1968
1743443372030 0.0970265095680952 1969
1743443373686 0.0498451291769743 1970
1743443379061 -0.06228156793862581 1971
1743443384352 0.06701849013566971 1972
1743443389707 0.046545579321682455 1973
1743443394887 -0.0020704756304621695 1974
1743443400003 0.18953455176204442 1975
1743443403567 0.07413240339607001 1976
1743443408573 -0.004887574054300785 1977
1743443413671 0.1478652035444975 1978
1743443419023 -0.06055835653096438 1979
1743443424225 -0.07698166664689779 1980
1743443429379 -0.07724334746599197 1981
1743443434598 -0.02351195737719536 1982
1743443439867 -0.03049840658903122 1983
1743443445091 -0.04002188101410866 1984
1743443450350 -0.08098633974790573 1985
1743443456001 0.054986457824707034 1986
1743443457630 0.010408039465546607 1987
1743443463019 0.11484158594161271 1988
1743443468306 -0.0894931262359023 1989
1743443473569 -0.2506501622498035 1990
1743443478825 -0.06182790214195848 1991
1743443483969 -0.06516188003122807 1992
1743443489362 0.08075614962726832 1993
1743443489936 0.07209740195423364 1994
1743443495297 0.04201199948787689 1995
1743443495883 0.043639836013317106 1996
1743443501151 0.16879592187702655 1997
1743443506485 0.11321443632245064 1998
1743443507234 0.12425466790795327 1999
1743443512660 0.007436492443084717 2000
1743443517876 0.009517070688307285 2001
1743443523370 -0.03616026863455772 2002
1743443528613 0.15837985936552287 2003
1743443533904 0.2844675710052252 2004
1743443539366 0.02261364758014679 2005
1743443544493 0.08881741099059581 2006
1743443549940 0.14163567915558814 2007
1743443555312 0.12516287833452225 2008
1743443560538 -0.0029561348631978036 2009
1743443565926 0.04983198381960392 2010
1743443571221 0.00810463048517704 2011
1743443576275 0.04657966613769531 2012
1743443581338 0.1604755087569356 2013
1743443586857 0.02017442222684622 2014
1743443592177 -0.09346467413008214 2015
1743443597310 -0.09810767102986574 2016
1743443602682 -0.033448714800179004 2017
1743443608084 -0.22337591696530582 2018
1743443613268 0.0019609106332063673 2019
1743443618548 -0.2178780046105385 2020
1743443624081 -0.08320924565196038 2021
1743443629394 -0.004932154081761837 2022
1743443634759 -0.04377350654453039 2023
1743443640023 -0.07298524990677834 2024
1743443645175 0.0714293398335576 2025
1743443650688 0.05580645829439163 2026
1743443655813 -0.02592184565961361 2027
1743443661030 0.0775803604349494 2028
1743443661607 0.07377418484538793 2029
1743443666702 -0.05687872961163521 2030
1743443671907 0.11463970109820366 2031
1743443677104 0.03943330565467477 2032
1743443682118 -0.03191714435815811 2033
1743443687017 0.2035312334820628 2034
1743443692616 0.02464950695633888 2035
1743443697760 0.05974913302809 2036
1743443703171 0.13015857249498367 2037
1743443708555 -0.10444849349558354 2038
1743443713732 0.14773080613464118 2039
1743443718915 0.06562522761523723 2040
1743443720625 0.08802523225545883 2041
1743443726008 0.18009990926831962 2042
1743443726587 0.18932263586670162 2043
1743443731687 -0.06619620891287922 2044
1743443736799 0.05451034903526306 2045
1743443741944 0.04441385667771101 2046
1743443747107 -0.0829981653019786 2047
1743443752466 -0.13213325917720795 2048
1743443757551 -0.026286105439066888 2049
1743443762910 0.07320373259484768 2050
1743443767959 0.2931793391704559 2051
1743443769546 0.34043950363993647 2052
1743443774593 0.15681497484445572 2053
1743443779678 0.11741633970290423 2054
1743443785099 0.11534102030098438 2055
1743443790109 -0.05160218046978116 2056
1743443791776 -0.06316531980410219 2057
1743443797003 0.14929403513669967 2058
1743443802314 0.05317755576223135 2059
1743443807523 0.004392768293619156 2060
1743443812636 0.1501199119538069 2061
1743443817765 0.03126550994813442 2062
1743443823158 0.09305514048784971 2063
1743443828565 0.06561746187508107 2064
1743443830742 0.08751746207475662 2065
1743443835790 0.07914095217362047 2066
1743443836364 0.07449647912755608 2067
1743443841463 -0.07437020942568778 2068
1743443846753 0.025035774707794188 2069
1743443852210 0.20948329083621503 2070
1743443857478 -0.1954677391052246 2071
1743443862712 0.0548388260230422 2072
1743443868190 0.09268863245844841 2073
1743443873548 -0.09198782041668892 2074
1743443878886 -0.10579983852803707 2075
1743443879455 -0.10412465088069439 2076
1743443884841 0.09702653225511312 2077
1743443885406 0.08748094405978918 2078
1743443890670 -0.03334885127842426 2079
1743443892616 -0.002406286895275116 2080
1743443897806 -0.08988092873245478 2081
1743443902925 -0.035015282332897184 2082
1743443904623 -0.020270465612411498 2083
1743443909782 0.19785029258579015 2084
1743443915309 -0.010142511762678623 2085
1743443920509 -0.026152439787983893 2086
1743443925728 0.19503604739904404 2087
1743443931041 0.13985997185111046 2088
1743443936271 -0.018750589936971665 2089
1743443941712 0.1567913182452321 2090
1743443947004 0.15335693083703517 2091
1743443952031 0.11305367168039084 2092
1743443957174 -0.014373886696994305 2093
1743443962188 -0.06707140170037747 2094
1743443967349 -0.13740339878946542 2095
1743443972425 -0.08887600153684616 2096
1743443977711 -0.12149962987750769 2097
1743443983076 -0.024204129353165627 2098
1743443988459 -0.08956024557352066 2099
1743443993714 -0.030604917407035827 2100
1743443998919 -0.06828778125345707 2101
1743444004047 0.07265518940985202 2102
1743444005664 0.07759387500584125 2103
1743444010726 0.06351028580218554 2104
1743444015906 0.07845067370682955 2105
1743444021123 -0.23230383224785328 2106
1743444021956 -0.22575761802494526 2107
1743444027199 -0.12467835035175084 2108
1743444032321 0.14519048564136028 2109
1743444037515 0.1723066296428442 2110
1743444042977 0.0899964515119791 2111
1743444048357 -0.017591321468353273 2112
1743444053384 -0.033734661899507044 2113
1743444058527 -0.07034904759377242 2114
1743444063752 0.20562988359481096 2115
1743444065972 0.09418704058974982 2116
1743444071194 0.07007851041853427 2117
1743444076237 -0.12484880968928337 2118
1743444081758 -0.18614491187036036 2119
1743444087099 -0.12934845477342605 2120
1743444092346 -0.0021873267740011217 2121
1743444097421 0.06426139906048775 2122
1743444102580 0.16124312043190003 2123
1743444107712 0.09622794736176729 2124
1743444112986 -0.0016882013902068138 2125
1743444118535 0.2329098067432642 2126
1743444123733 -0.09696583859622479 2127
1743444128796 -0.0728969269245863 2128
1743444133934 0.26066200956702235 2129
1743444139035 0.10248239181935787 2130
1743444144076 -0.03999876933172345 2131
1743444149376 0.10760608673095703 2132
1743444154926 -0.07765597581863404 2133
1743444160131 -0.1731708151102066 2134
1743444165436 0.1816995768994093 2135
1743444170693 -0.055903310477733614 2136
1743444175726 -0.09474247384816409 2137
1743444180859 -0.13202333435416222 2138
1743444184284 -0.13928178992122411 2139
1743444189340 -0.016058623641729355 2140
1743444191262 -0.096381815969944 2141
1743444196473 0.13516011610627174 2142
1743444201725 0.26109783424064514 2143
1743444207118 0.18268708802759648 2144
1743444212111 0.16325578067451715 2145
1743444214008 0.22934918165206908 2146
1743444219331 0.05347609557211399 2147
1743444224393 0.24925909515470265 2148
1743444229565 0.1488870941847563 2149
1743444234612 -0.06919481068849563 2150
1743444239660 0.048644533827900883 2151
1743444244893 -0.026466072127223014 2152
1743444250138 0.1815796434134245 2153
1743444255365 0.08611470270901918 2154
1743444260480 0.052738594450056554 2155
1743444265514 0.10366568185389041 2156
1743444270429 0.013810457251966 2157
1743444271003 0.01134549792855978 2158
1743444276262 0.27584936141967775 2159
1743444281527 0.17981153711676598 2160
1743444282258 0.17941471800208092 2161
1743444287382 0.04782504752278328 2162
1743444292604 0.19726872783154248 2163
1743444297694 0.14525448743253946 2164
1743444302991 -0.05406929451972246 2165
1743444308021 -0.07066729582846165 2166
1743444313242 0.047465925700962544 2167
1743444318417 -0.04238086335361004 2168
1743444320256 0.00915637992322445 2169
1743444325420 0.029176793769001962 2170
1743444330503 0.07832945421338082 2171
1743444335628 -0.023407610580325127 2172
1743444340851 0.012735606096684933 2173
1743444346196 0.14309769302606581 2174
1743444351622 0.15909620404243469 2175
1743444352204 0.16410512760281562 2176
1743444357336 0.13400227662175893 2177
1743444362527 -0.0958037742972374 2178
1743444367875 0.03282329175621271 2179
1743444373247 0.2038142115622759 2180
1743444373896 0.21346999026834965 2181
1743444379171 0.11864937886595726 2182
1743444384218 0.0855114797502756 2183
1743444389481 0.10277775209397078 2184
1743444394752 0.04973972965031862 2185
1743444399892 -0.07016257084906101 2186
1743444405071 0.044426512978971 2187
1743444410301 -0.08371420241892338 2188
1743444415570 0.02910982124507427 2189
1743444420679 -0.04768868338316679 2190
1743444425862 0.06809776313602925 2191
1743444430981 -0.07380608692765236 2192
1743444436250 -0.14632052272558213 2193
1743444441381 0.0882343490421772 2194
1743444442098 0.09457225635647774 2195
1743444447231 0.05635774664580822 2196
1743444452614 -0.11017442721873522 2197
1743444457624 0.014511061981320381 2198
1743444462614 -0.007647203542292118 2199
1743444465152 -0.0007734967395663262 2200
1743444470257 0.05672651804983616 2201
1743444475488 0.043613031171262265 2202
1743444480751 0.04544293474406004 2203
1743444486004 -0.04144913241267204 2204
1743444491007 0.06558120861649513 2205
1743444496276 -0.04164410145953298 2206
1743444501420 -0.08112513594329357 2207
1743444506618 -0.16603360202163459 2208
1743444511801 -0.17408217169344425 2209
1743444517378 -0.1452381970733404 2210
1743444522371 -0.031145882830023765 2211
1743444527691 0.03449149750173092 2212
1743444532898 0.07800202414393426 2213
1743444538218 -0.21881979186087847 2214
1743444543530 -0.06075118962675333 2215
1743444548721 0.20796208871528507 2216
1743444554080 0.05688617449253797 2217
1743444554658 0.049336465410888194 2218
1743444559839 0.11929752506315708 2219
1743444564940 0.13958311712369323 2220
1743444570051 0.2690050756186247 2221
1743444575290 0.31045718289911745 2222
1743444580632 0.15675238892436028 2223
1743444585807 0.30038848917931316 2224
1743444591090 0.04514138627797365 2225
1743444596367 0.13752656359225512 2226
1743444598941 0.07094723701477051 2227
1743444604143 0.14807457216084002 2228
1743444609334 0.2138572807237506 2229
1743444614498 0.16067932821810246 2230
1743444619908 0.006453033713623882 2231
1743444625146 -0.03236812889575958 2232
1743444630650 0.01849720761179924 2233
1743444635996 0.004754712507128715 2234
1743444641076 0.18984321884810926 2235
1743444646289 0.08426446184515952 2236
1743444651583 0.08269288964569568 2237
1743444656795 0.0021998338773846627 2238
1743444662285 0.023106574304401873 2239
1743444662863 0.026625562869012357 2240
1743444668071 0.046841973811388014 2241
1743444673140 0.06107370465993881 2242
1743444678389 -0.09382709063589573 2243
1743444683367 -0.012837279513478279 2244
1743444688587 -0.043414169065654276 2245
1743444693912 -0.002850094996392727 2246
1743444699464 -0.02323410302400589 2247
1743444704950 0.12025374293327332 2248
1743444710361 0.09510410349816084 2249
1743444715798 -0.10908053118735551 2250
1743444721046 0.12806025005877017 2251
1743444726564 0.09535828690975905 2252
1743444728977 0.051190643571317196 2253
1743444734272 0.06548287834972143 2254
1743444734847 0.06903010454028845 2255
1743444739949 0.05320486057549715 2256
1743444745115 0.20357420336455107 2257
1743444750160 0.0645431126654148 2258
1743444755593 -0.05587300382554531 2259
1743444761077 0.09495116733014583 2260
1743444766239 -0.03932314023375511 2261
1743444771532 -0.07780288979411125 2262
1743444776762 0.07897743938490748 2263
1743444777349 0.08512776641175152 2264
1743444782495 -0.06984795197844505 2265
1743444787868 0.026053785756230356 2266
1743444792948 -0.09460567498579621 2267
1743444798164 0.07022515647113323 2268
1743444803395 0.20260005155578256 2269
1743444808494 0.09569214789196849 2270
1743444813787 0.09568764727562666 2271
1743444819093 0.02416598718613386 2272
1743444824674 0.12442074913531542 2273
1743444825258 0.12346531469374895 2274
1743444830534 0.06722272682934999 2275
1743444835901 -0.0008380749821662903 2276
1743444840998 0.007208373248577118 2277
1743444842768 0.009435136429965496 2278
1743444848162 -0.03327187824994326 2279
1743444853341 -0.04611234020441771 2280
1743444858661 0.01365607500076294 2281
1743444863903 0.019530726298689842 2282
1743444869090 -0.16460893392562867 2283
1743444874446 0.0739993854239583 2284
1743444879426 -0.03179954178631306 2285
1743444884677 0.14333009414374828 2286
1743444890100 0.036459962874650954 2287
1743444895240 0.1992613796517253 2288
1743444900352 0.11801178347319365 2289
1743444905510 0.11530798435211181 2290
1743444910663 0.170180429443717 2291
1743444915725 0.20133365074172616 2292
1743444920931 0.09580618940293789 2293
1743444926250 0.09911882795393467 2294
1743444931591 -0.00981799205765128 2295
1743444936814 0.04063644774258137 2296
1743444942147 0.08166573964059352 2297
1743444947219 -0.025502872094511984 2298
1743444952549 0.0643668057397008 2299
1743444958127 0.07041920274496079 2300
1743444963599 0.1329131817817688 2301
1743444968642 0.11493749175220729 2302
1743444971527 0.16003489501774312 2303
1743444976732 0.10163402955979109 2304
1743444982046 -0.027899431977421046 2305
1743444987104 0.13788737945258617 2306
1743444992364 0.04338811915367842 2307
1743444997435 -0.10513510435819626 2308
1743445002726 0.057575457952916624 2309
1743445007860 0.13107435666024686 2310
1743445012938 0.14716915311291814 2311
1743445013511 0.14638755084946753 2312
1743445015085 0.1270537439920008 2313
1743445020263 0.15772888951003552 2314
1743445025568 0.03906720902770758 2315
1743445030764 0.013645277228206396 2316
1743445035844 0.09318042650818825 2317
1743445041091 0.038133973646909 2318
1743445046140 -0.10718754354864359 2319
1743445052433 -0.05120937954634428 2320
1743445057584 -0.15254727393388748 2321
1743445063050 -0.1785475499741733 2322
1743445068232 -0.12564577378332614 2323
1743445073408 0.06503907296806574 2324
1743445078415 0.011817971132695676 2325
1743445083718 0.17989382185041905 2326
1743445088861 0.12107815237715841 2327
1743445093895 0.05232455715537071 2328
1743445099319 0.027268793247640134 2329
1743445104568 0.058794456049799916 2330
1743445109539 0.07473094560205937 2331
1743445114733 0.11515605203807354 2332
1743445119966 0.03003523640334606 2333
1743445125100 0.03130671065300703 2334
1743445130517 0.041591213420033454 2335
1743445135560 0.10342497274279594 2336
1743445140788 0.019251714646816253 2337
1743445146151 0.05823709301650524 2338
1743445151368 0.09801896467804909 2339
1743445156439 0.05702407186850905 2340
1743445161650 -0.05540721982717514 2341
1743445166739 0.09024541310966015 2342
1743445172157 0.06821694489568472 2343
1743445177796 0.02908363614231348 2344
1743445183064 -0.02443640198558569 2345
1743445188348 -0.0058914791233837605 2346
1743445193834 0.07938820637762546 2347
1743445199007 -0.04183697905391455 2348
1743445204224 0.04723569752648473 2349
1743445209676 -0.133391278591007 2350
1743445214927 0.045606384091079234 2351
1743445220432 0.041564139053225514 2352
1743445225744 -0.06752190643921495 2353
1743445231012 0.03631871897727251 2354
1743445236305 -0.055074189491569996 2355
1743445241684 0.08258846402168274 2356
1743445247185 -0.049881728519685566 2357
1743445252424 0.020800223089754582 2358
1743445257499 0.005493562333285808 2359
1743445262771 -0.027433565929532052 2360
1743445268128 0.004197422228753567 2361
1743445273543 0.039650022573769095 2362
1743445278898 0.017047665286809205 2363
1743445284075 -0.03172259707003832 2364
1743445289401 -0.01887892631813884 2365
1743445289979 -0.010607458632439375 2366
1743445295166 -0.00776585903018713 2367
1743445300346 0.02676820069551468 2368
1743445305646 0.026606863364577293 2369
1743445310816 0.1794298527762294 2370
1743445316226 -0.017496915347874165 2371
1743445321373 0.06344969026744365 2372
1743445326636 0.02288535261526704 2373
1743445331778 -0.04687955226749182 2374
1743445337048 0.13256457298994065 2375
1743445342260 0.1032325091958046 2376
1743445347379 0.15483731023967265 2377
1743445352837 0.14351257242262364 2378
1743445357922 0.1904672285541892 2379
1743445362989 0.15010377760976554 2380
1743445368062 0.13080578539520502 2381
1743445373172 0.11482729569077492 2382
1743445378267 0.21268884886056186 2383
1743445383326 0.07502290088683367 2384
1743445388624 0.085725968927145 2385
1743445393697 0.027964774072170257 2386
1743445398937 0.09671037074178457 2387
1743445404335 -0.0030317157693207264 2388
1743445409408 -0.03966030176728964 2389
1743445414597 0.08021900242194534 2390
1743445419849 0.13044830894097686 2391
1743445424992 0.021059547644108535 2392
1743445430261 0.05950524033978581 2393
1743445435442 -0.024258665312081575 2394
1743445440719 -0.01707167295739055 2395
1743445446147 -0.04988034691661596 2396
1743445451475 0.023004649840295315 2397
1743445456606 0.04643681801855564 2398
1743445462176 -0.04133781723678112 2399
1743445462759 -0.040932976976037025 2400
1743445468142 0.045910670682787896 2401
1743445473415 0.14339478701353073 2402
1743445478526 0.08041810650378466 2403
1743445483666 0.046801700498908756 2404
1743445488713 0.022184138372540473 2405
1743445493952 0.007295896578580141 2406
1743445499205 0.062240676507353786 2407
1743445504283 0.048856533505022524 2408
1743445506607 0.04016431737691164 2409
1743445511677 0.02368090346455574 2410
1743445513649 0.026482977122068405 2411
1743445518871 0.08167899373918772 2412
1743445524139 0.10502593141049146 2413
1743445529282 0.1009218924306333 2414
1743445534603 0.06765638349577785 2415
1743445540134 0.03773047484457493 2416
1743445546454 -0.06223559816367924 2417
1743445551889 -0.053827525293454526 2418
1743445557413 -0.0201001581735909 2419
1743445562599 0.009851152040064336 2420
1743445567861 0.11708905816078186 2421
1743445573075 -0.03232815772294998 2422
1743445578363 0.04964182611554861 2423
1743445578956 0.045303932838141915 2424
1743445584166 0.05502447511069477 2425
1743445589553 0.07035103877075016 2426
1743445594758 0.060320102833211424 2427
1743445599981 0.007099220622330904 2428
1743445605196 0.02804854476824403 2429
1743445610466 0.04076712256297469 2430
1743445615643 -0.028164594899863005 2431
1743445620705 -0.00018753319978713988 2432
1743445626198 -0.04935873955488205 2433
1743445631384 -0.05031677164137363 2434
1743445636861 0.04870059542357921 2435
1743445642200 0.06989652100019157 2436
1743445647506 0.06332992922514677 2437
1743445652974 0.09614370748400689 2438
1743445658161 0.1059917601570487 2439
1743445663316 0.03887360714375973 2440
1743445668655 0.0314435570128262 2441
1743445674265 0.022346461713314055 2442
1743445679352 0.05653241775929928 2443
1743445684548 0.06641558138653636 2444
1743445689585 -0.014963150378316642 2445
1743445694657 -0.013264542818069458 2446
1743445700158 0.03148261290043593 2447
1743445705352 0.07796113442629576 2448
1743445710519 -0.030254224985837935 2449
1743445715788 0.055547484569251536 2450
1743445716372 0.05540388192981482 2451
1743445716953 0.049423871003091334 2452
1743445722156 0.036449810322374106 2453
1743445727183 0.11693341439589858 2454
1743445732716 0.004497023895382881 2455
1743445738023 0.039440912064164876 2456
1743445743085 0.05565329387784004 2457
1743445748274 0.00739422794431448 2458
1743445753318 -0.02580740798264742 2459
1743445758576 -0.03050008106045425 2460
1743445763719 0.031136055011302233 2461
1743445769250 0.017056816797703503 2462
1743445774441 -0.047733044512569905 2463
1743445779561 0.06669276621192693 2464
1743445784860 0.04235988549888134 2465
1743445790135 0.08341626223176718 2466
1743445795452 0.03200859200209379 2467
1743445800653 0.0056053056567907334 2468
1743445806085 0.006726273437961936 2469
1743445811394 0.040633341670036315 2470
1743445816480 0.12607373564504087 2471
1743445821667 0.056774151362478736 2472
1743445823847 0.011463855160400271 2473
1743445828936 0.03304137101396918 2474
1743445834376 0.07976662555709481 2475
1743445839664 0.09920995282009244 2476
1743445845053 0.06296113058924675 2477
1743445850286 -0.06070860587060452 2478
1743445855531 -0.0023349444568157196 2479
1743445860763 0.0513253235258162 2480
1743445866022 0.08954140587709844 2481
1743445871150 0.09114770414307713 2482
1743445871877 0.08766080671921372 2483
1743445877230 0.0875410120934248 2484
1743445882815 0.06904357748106121 2485
1743445888095 0.0817370180785656 2486
1743445893256 0.03550484633073211 2487
1743445898278 0.0228903391584754 2488
1743445903389 0.03842490387149155 2489
1743445904134 0.038934366973116995 2490
1743445909609 0.05408478142693639 2491
1743445915179 0.09433789439499378 2492
1743445921026 0.031570990700274706 2493
