1743431795118 1.0 0
1743431799633 1.0 1
1743431804166 1.0 2
1743431808563 1.0 3
1743431812970 1.0 4
1743431817247 1.0 5
1743431822300 0.9851003289222717 6
1743431828686 0.9417258501052856 7
1743431834866 0.9002885818481445 8
1743431841756 0.8606505990028381 9
1743431848734 0.8227896094322205 10
1743431855198 0.7865768671035767 11
1743431861851 0.7519707679748535 12
1743431862445 0.7517454028129578 13
1743431869156 0.7186751961708069 14
1743431876234 0.6870478987693787 15
1743431882533 0.6568240523338318 16
1743431883109 0.6566269993782043 17
1743431884379 0.6530912518501282 18
1743431891148 0.6243735551834106 19
1743431897701 0.5969080328941345 20
1743431904524 0.5706483721733093 21
1743431910948 0.5455529689788818 22
1743431917945 0.5215670466423035 23
1743431924743 0.4986356496810913 24
1743431931448 0.47672080993652344 25
1743431938076 0.45577454566955566 26
1743431945135 0.43576255440711975 27
1743431945721 0.4356324076652527 28
1743431952091 0.41651517152786255 29
1743431958657 0.3982405662536621 30
1743431965223 0.3807564973831177 31
1743431971842 0.36405712366104126 32
1743431979168 0.3480812907218933 33
1743431986216 0.3328251838684082 34
1743431993152 0.3182560205459595 35
1743432000557 0.3043208718299866 36
1743432007591 0.29100269079208374 37
1743432013767 0.27827513217926025 38
1743432020050 0.2660977244377136 39
1743432027262 0.25445419549942017 40
1743432034188 0.24331705272197723 41
1743432040666 0.23269833624362946 42
1743432047851 0.22257229685783386 43
1743432054595 0.21288172900676727 44
1743432061949 0.20360048115253448 45
1743432068754 0.19475558400154114 46
1743432075492 0.18627721071243286 47
1743432082588 0.17818516492843628 48
1743432089345 0.17045098543167114 49
1743432095933 0.16304361820220947 50
1743432103198 0.15598472952842712 51
1743432110141 0.14922118186950684 52
1743432116585 0.14276200532913208 53
1743432123278 0.1365792155265808 54
1743432130074 0.13066613674163818 55
1743432136916 0.12503361701965332 56
1743432143815 0.11964312940835953 57
1743432150681 0.11445967853069305 58
1743432157509 0.10949346423149109 59
1743432164265 0.10475500673055649 60
1743432171123 0.10023786127567291 61
1743432177748 0.09594064205884933 62
1743432184274 0.09183155745267868 63
1743432191184 0.08791324496269226 64
1743432198031 0.08414211124181747 65
1743432204737 0.08052076399326324 66
1743432211276 0.07706326991319656 67
1743432217895 0.07374713569879532 68
1743432224733 0.07061148434877396 69
1743432231426 0.06761083006858826 70
1743432238312 0.06471967697143555 71
1743432245026 0.0619535930454731 72
1743432251692 0.05932478979229927 73
1743432258223 0.05680355057120323 74
1743432265263 0.05441417172551155 75
1743432271960 0.05211354047060013 76
1743432278907 0.04993538185954094 77
1743432285653 0.047839339822530746 78
1743432292634 0.04585191607475281 79
1743432299526 0.043940022587776184 80
1743432306775 0.042092375457286835 81
1743432313527 0.040336355566978455 82
1743432320735 0.038669608533382416 83
1743432327905 0.03706550598144531 84
1743432334991 0.03551793470978737 85
1743432341091 0.03403041511774063 86
1743432347982 0.03259577602148056 87
1743432354849 0.031243368983268738 88
1743432361676 0.029970724135637283 89
1743432368579 0.028728242963552475 90
1743432375322 0.02753366157412529 91
1743432382003 0.026378890499472618 92
1743432382687 0.026371445506811142 93
1743432389287 0.025261225178837776 94
1743432395398 0.024205084890127182 95
1743432401937 0.023191843181848526 96
1743432408554 0.022228170186281204 97
1743432415110 0.02131730504333973 98
1743432422235 0.02042251080274582 99
1743432424233 0.020233817398548126 100
1743432431236 0.019404541701078415 101
1743432438002 0.018606530502438545 102
1743432444475 0.01786278374493122 103
1743432451165 0.017154062166810036 104
1743432457898 0.01649690791964531 105
1743432464624 0.015873229131102562 106
1743432471809 0.015281041152775288 107
1743432479015 0.014732742682099342 108
1743432485771 0.014233116060495377 109
1743432492182 0.013707403093576431 110
1743432498435 0.01321597769856453 111
1743432505257 0.012734493240714073 112
1743432512286 0.012298567220568657 113
1743432519977 0.011892145499587059 114
1743432527112 0.011508166790008545 115
1743432534069 0.011140230111777782 116
1743432536135 0.011105867102742195 117
1743432542478 0.010809030383825302 118
1743432549521 0.010536454617977142 119
1743432555994 0.010303648188710213 120
1743432562506 0.010072367265820503 121
1743432569586 0.009836433455348015 122
1743432577571 0.009616190567612648 123
1743432585095 0.009368117898702621 124
1743432591983 0.009150613099336624 125
1743432599620 0.008982425555586815 126
1743432605807 0.008855018764734268 127
1743432612519 0.008799727074801922 128
1743432619365 0.00882029440253973 129
1743432626071 0.00884261354804039 130
1743432632608 0.008882693015038967 131
1743432639334 0.008951755240559578 132
1743432645758 0.00909438543021679 133
1743432652139 0.00924852304160595 134
1743432658879 0.00935475341975689 135
1743432665302 0.009558605961501598 136
1743432672191 0.00979131180793047 137
1743432678704 0.010078834369778633 138
1743432685261 0.010401547886431217 139
1743432691663 0.010708525776863098 140
1743432699007 0.010985882952809334 141
1743432705591 0.011250605806708336 142
1743432712304 0.011458924040198326 143
1743432719261 0.011597946286201477 144
1743432725987 0.011784940958023071 145
1743432732896 0.01196974515914917 146
1743432739395 0.012061295099556446 147
1743432745901 0.012072457931935787 148
1743432752208 0.012363911606371403 149
1743432758423 0.01245582103729248 150
1743432764686 0.012387994676828384 151
1743432767005 0.012401972897350788 152
1743432773879 0.01249253936111927 153
1743432780890 0.012296268716454506 154
1743432781465 0.012291725724935532 155
1743432782476 0.012219331227242947 156
1743432789025 0.012154322117567062 157
1743432795518 0.012045788578689098 158
1743432802459 0.012018203735351562 159
1743432809111 0.012007417157292366 160
1743432815814 0.011852636002004147 161
1743432822290 0.011728236451745033 162
1743432828817 0.011571651324629784 163
1743432835180 0.011252966709434986 164
1743432842087 0.011318237520754337 165
1743432848813 0.011554272845387459 166
1743432855498 0.011669907718896866 167
1743432862316 0.011569565162062645 168
1743432868864 0.011607489548623562 169
1743432875644 0.011750560253858566 170
1743432882332 0.011853670701384544 171
1743432889326 0.01201416365802288 172
1743432895902 0.012077012099325657 173
1743432902439 0.012099763378500938 174
1743432908993 0.012180854566395283 175
1743432915437 0.01234501227736473 176
1743432921641 0.012381304055452347 177
1743432928285 0.012303230352699757 178
1743432934839 0.012154247611761093 179
1743432940955 0.012265863828361034 180
1743432947817 0.012305266223847866 181
1743432954064 0.012408260256052017 182
1743432960416 0.012579705566167831 183
1743432962373 0.012598848901689053 184
1743432969154 0.012950077652931213 185
1743432975835 0.013311510905623436 186
1743432982241 0.013712828978896141 187
1743432988770 0.013775830157101154 188
1743432995331 0.013910077512264252 189
1743433002172 0.01396870892494917 190
1743433008831 0.014029045589268208 191
1743433014975 0.0139969727024436 192
1743433021680 0.014222959987819195 193
1743433028000 0.01439204253256321 194
1743433034694 0.014435280114412308 195
1743433041846 0.014620817266404629 196
1743433042416 0.014622630551457405 197
1743433048992 0.014861957170069218 198
1743433050888 0.014890224672853947 199
1743433057451 0.015154403634369373 200
1743433064134 0.01548792514950037 201
1743433070775 0.01552622765302658 202
1743433074656 0.015696989372372627 203
1743433080994 0.016080936416983604 204
1743433081584 0.016081489622592926 205
1743433088283 0.016234364360570908 206
1743433095006 0.01602625846862793 207
1743433096887 0.016018381342291832 208
1743433103481 0.016141312196850777 209
1743433109733 0.01604812778532505 210
1743433116232 0.01618299074470997 211
1743433122824 0.016159124672412872 212
1743433129316 0.01652165874838829 213
1743433129898 0.016524408012628555 214
1743433136608 0.016544150188565254 215
1743433142911 0.01678626984357834 216
1743433144775 0.01679188944399357 217
1743433151460 0.016832269728183746 218
1743433157798 0.017146088182926178 219
1743433164224 0.016952577978372574 220
1743433170796 0.016946541145443916 221
1743433177131 0.016824999824166298 222
1743433183665 0.016621792688965797 223
1743433184248 0.01661684736609459 224
1743433190901 0.01653122529387474 225
1743433197382 0.016793932765722275 226
1743433204163 0.01669958420097828 227
1743433210751 0.016844507306814194 228
1743433217336 0.01732560805976391 229
1743433217901 0.01732904464006424 230
1743433224155 0.017452578991651535 231
1743433230748 0.017564743757247925 232
1743433237237 0.017505671828985214 233
1743433244112 0.017674090340733528 234
1743433244691 0.017676737159490585 235
1743433251015 0.017847944051027298 236
1743433257704 0.018268242478370667 237
1743433263967 0.018689073622226715 238
1743433270756 0.018637297675013542 239
1743433277251 0.018810832872986794 240
1743433283416 0.018905488774180412 241
1743433289772 0.018873734399676323 242
1743433290346 0.018870025873184204 243
1743433296557 0.019290871918201447 244
1743433303122 0.019592581316828728 245
1743433303909 0.01958882436156273 246
1743433310107 0.01969396509230137 247
1743433316540 0.019955258816480637 248
1743433323197 0.01997484639286995 249
1743433329548 0.019878683611750603 250
1743433335764 0.019534487277269363 251
1743433342496 0.019615240395069122 252
1743433348962 0.01948421075940132 253
1743433355645 0.019397173076868057 254
1743433362048 0.019418921321630478 255
1743433368646 0.019268587231636047 256
1743433375349 0.0190353412181139 257
1743433381929 0.019101552665233612 258
1743433388387 0.01893993467092514 259
1743433394913 0.01884170062839985 260
1743433401097 0.019278287887573242 261
1743433407477 0.01961090974509716 262
1743433413957 0.020096341148018837 263
1743433420566 0.020262040197849274 264
1743433427262 0.020635545253753662 265
1743433433471 0.020902449265122414 266
1743433439744 0.02111712470650673 267
1743433446285 0.021379075944423676 268
1743433452762 0.02154051885008812 269
1743433459333 0.021812671795487404 270
1743433466128 0.022199243307113647 271
1743433473134 0.02227875031530857 272
1743433479963 0.022605102509260178 273
1743433486921 0.02301720157265663 274
1743433493845 0.023210778832435608 275
1743433500412 0.023392772302031517 276
1743433507200 0.023441903293132782 277
1743433514033 0.0234883613884449 278
1743433520919 0.02370663359761238 279
1743433527603 0.023896396160125732 280
1743433534436 0.02428865246474743 281
1743433540910 0.024820614606142044 282
1743433547615 0.02535332925617695 283
1743433554111 0.025167252868413925 284
1743433560930 0.02513774111866951 285
1743433567262 0.0254047978669405 286
1743433574093 0.02548762783408165 287
1743433581025 0.025453804060816765 288
1743433588108 0.025615956634283066 289
1743433595003 0.025951193645596504 290
1743433596027 0.02599985897541046 291
1743433602812 0.025959709659218788 292
1743433609547 0.026655642315745354 293
1743433616544 0.02667425014078617 294
1743433623313 0.027050424367189407 295
1743433630002 0.027362950146198273 296
1743433630580 0.02736346609890461 297
1743433636935 0.02738986164331436 298
1743433643366 0.02712765522301197 299
1743433649955 0.02687585912644863 300
1743433656536 0.026281142607331276 301
1743433663166 0.025860831141471863 302
1743433669743 0.025615639984607697 303
1743433676116 0.025399232283234596 304
1743433682753 0.025768622756004333 305
1743433683331 0.025769315659999847 306
1743433689619 0.025851184502243996 307
1743433696318 0.02578655630350113 308
1743433702775 0.025900045409798622 309
1743433709503 0.025421811267733574 310
1743433712292 0.02531648427248001 311
1743433719266 0.024434316903352737 312
1743433725959 0.024439770728349686 313
1743433732697 0.024285173043608665 314
1743433739102 0.02440859191119671 315
1743433740128 0.02440486289560795 316
1743433740715 0.024403134360909462 317
1743433747121 0.024279145523905754 318
1743433753722 0.02422763593494892 319
1743433760139 0.02409374713897705 320
1743433766823 0.02418767288327217 321
1743433773165 0.02423015423119068 322
1743433779432 0.024200189858675003 323
1743433786142 0.024435579776763916 324
1743433792274 0.024583902209997177 325
1743433798598 0.02500900626182556 326
1743433805628 0.025166653096675873 327
1743433812202 0.024983178824186325 328
1743433818631 0.025367841124534607 329
1743433825268 0.025418920442461967 330
1743433832005 0.025515621528029442 331
1743433832587 0.02551748976111412 332
1743433839350 0.025874819606542587 333
1743433846039 0.025344137102365494 334
1743433852596 0.024878855794668198 335
1743433859358 0.024921396747231483 336
1743433865843 0.024599198251962662 337
1743433872704 0.024239057675004005 338
1743433879247 0.023755529895424843 339
1743433879926 0.02374900132417679 340
1743433886572 0.023493070155382156 341
1743433892667 0.023708494380116463 342
1743433899342 0.023584092035889626 343
1743433906221 0.02331916242837906 344
1743433912930 0.02295704185962677 345
1743433913509 0.022949527949094772 346
1743433920167 0.02258243039250374 347
1743433926657 0.022551944479346275 348
1743433933363 0.0223936066031456 349
1743433940109 0.02221108227968216 350
1743433946855 0.022167891263961792 351
1743433953211 0.022591864690184593 352
1743433960145 0.022497596219182014 353
1743433967017 0.022892797365784645 354
1743433973394 0.022979838773608208 355
1743433979994 0.02309229224920273 356
1743433986717 0.023098234087228775 357
1743433992944 0.023061111569404602 358
1743433999547 0.02325766533613205 359
1743434006514 0.023499827831983566 360
1743434013315 0.02348116599023342 361
1743434020085 0.023274527862668037 362
1743434026868 0.02304544299840927 363
1743434027456 0.023041963577270508 364
1743434034055 0.022872798144817352 365
1743434040837 0.022876936942338943 366
1743434047265 0.02262011729180813 367
1743434053859 0.023065026849508286 368
1743434060306 0.023444050922989845 369
1743434066823 0.023266982287168503 370
1743434070596 0.023163655772805214 371
1743434077882 0.0232224203646183 372
1743434084998 0.022935252636671066 373
1743434091818 0.023127064108848572 374
1743434098640 0.023085108026862144 375
1743434105367 0.023206932470202446 376
1743434111989 0.02325611189007759 377
1743434118461 0.023570910096168518 378
1743434125237 0.023467184975743294 379
1743434131974 0.023508092388510704 380
1743434138426 0.02368110604584217 381
1743434145042 0.02415180206298828 382
1743434151321 0.02421751245856285 383
1743434151896 0.02422010526061058 384
1743434154003 0.024266697466373444 385
1743434161097 0.0244308914989233 386
1743434167724 0.024452347308397293 387
1743434174539 0.0249575674533844 388
1743434181109 0.024857493117451668 389
1743434187533 0.025067204609513283 390
1743434193876 0.025605350732803345 391
1743434200744 0.026056498289108276 392
1743434201323 0.026058554649353027 393
1743434207949 0.026494063436985016 394
1743434214923 0.026863303035497665 395
1743434221642 0.027050578966736794 396
1743434228337 0.027246838435530663 397
1743434235410 0.02682555466890335 398
1743434242295 0.026613958179950714 399
1743434249212 0.026513665914535522 400
1743434255909 0.026494380086660385 401
1743434262685 0.026714753359556198 402
1743434269292 0.02648697793483734 403
1743434275974 0.02652772143483162 404
1743434283296 0.026617374271154404 405
1743434290008 0.026757800951600075 406
1743434296965 0.026521125808358192 407
1743434303690 0.02685016393661499 408
1743434310547 0.02665429562330246 409
1743434317526 0.026329679414629936 410
1743434324528 0.026152268052101135 411
1743434331063 0.026046007871627808 412
1743434337484 0.025925733149051666 413
1743434344441 0.02582153119146824 414
1743434350852 0.02565225400030613 415
1743434357392 0.025595732033252716 416
1743434363849 0.025717955082654953 417
1743434370408 0.025669096037745476 418
1743434377010 0.025619786232709885 419
1743434383295 0.025770938023924828 420
1743434389968 0.026151571422815323 421
1743434396408 0.026245582848787308 422
1743434402772 0.026379814371466637 423
1743434409191 0.0262032151222229 424
1743434409915 0.026205839589238167 425
1743434416552 0.02601463533937931 426
1743434423161 0.02602117322385311 427
1743434429771 0.026181727647781372 428
1743434436356 0.026070330291986465 429
1743434436937 0.026067912578582764 430
1743434443421 0.026156820356845856 431
1743434450174 0.025889864191412926 432
1743434456939 0.025697950273752213 433
1743434463627 0.02562001161277294 434
1743434470253 0.024902034550905228 435
1743434470841 0.024898869916796684 436
1743434477300 0.024962803348898888 437
1743434484131 0.02513694390654564 438
1743434491091 0.02565029077231884 439
1743434491675 0.025651520118117332 440
1743434498266 0.02643010765314102 441
1743434504975 0.02628139965236187 442
1743434511479 0.026376519352197647 443
1743434517942 0.026244843378663063 444
1743434524530 0.026028793305158615 445
1743434531113 0.026152953505516052 446
1743434538068 0.026232268661260605 447
1743434544289 0.02611805871129036 448
1743434550672 0.025782430544495583 449
1743434557147 0.025812260806560516 450
1743434563534 0.025849470868706703 451
1743434570167 0.02564503811299801 452
1743434576828 0.02578146569430828 453
1743434583458 0.025397099554538727 454
1743434590250 0.025025302544236183 455
1743434597036 0.024981433525681496 456
1743434603753 0.0252904761582613 457
1743434610175 0.025108445435762405 458
1743434616874 0.025056060403585434 459
1743434623442 0.025061413645744324 460
1743434629650 0.02507769502699375 461
1743434635868 0.025116529315710068 462
1743434638133 0.025099072605371475 463
1743434644406 0.0252784863114357 464
1743434650970 0.025576192885637283 465
1743434657461 0.025148645043373108 466
1743434663965 0.02486707642674446 467
1743434670515 0.02472204528748989 468
1743434676663 0.02451309561729431 469
1743434682561 0.0244707353413105 470
1743434688765 0.024588732048869133 471
1743434695385 0.024291513487696648 472
1743434702223 0.023864496499300003 473
1743434708742 0.02370009571313858 474
1743434715506 0.023593557998538017 475
1743434721903 0.023547213524580002 476
1743434728741 0.0235588476061821 477
1743434735329 0.023634284734725952 478
1743434742212 0.023646144196391106 479
1743434749199 0.023441355675458908 480
1743434755583 0.02289981208741665 481
1743434762258 0.022823240607976913 482
1743434768641 0.0229959636926651 483
1743434775389 0.022833555936813354 484
1743434781844 0.02321406453847885 485
1743434788735 0.02340255118906498 486
1743434795799 0.02341293729841709 487
1743434796391 0.023402318358421326 488
1743434803884 0.023034121841192245 489
1743434810770 0.023208973929286003 490
1743434818061 0.023541733622550964 491
1743434824930 0.02371295914053917 492
1743434832237 0.023879287764430046 493
1743434839487 0.0241005327552557 494
1743434846615 0.02410256117582321 495
1743434853335 0.02446374110877514 496
1743434859391 0.02463594079017639 497
1743434865164 0.024520207196474075 498
1743434871511 0.024288339540362358 499
1743434877620 0.02435602992773056 500
1743434883881 0.02350303716957569 501
1743434889996 0.02332281693816185 502
1743434895985 0.023673107847571373 503
1743434902692 0.023914560675621033 504
1743434908829 0.02401328831911087 505
1743434909511 0.02401798404753208 506
1743434915705 0.024359647184610367 507
1743434921803 0.02411055564880371 508
1743434927532 0.02436639741063118 509
1743434933695 0.024383744224905968 510
1743434939641 0.02400224655866623 511
1743434945766 0.024126283824443817 512
1743434947869 0.024102021008729935 513
1743434953971 0.024035770446062088 514
1743434956073 0.02411697246134281 515
1743434962057 0.02395143359899521 516
1743434962622 0.023951387032866478 517
1743434968676 0.023301944136619568 518
1743434974829 0.023467134684324265 519
1743434980787 0.023698803037405014 520
1743434986614 0.02418164163827896 521
1743434992544 0.024663908407092094 522
1743434998300 0.024574924260377884 523
1743435004031 0.024686487391591072 524
1743435009906 0.024601897224783897 525
1743435016016 0.02449626848101616 526
1743435021881 0.024343756958842278 527
1743435027647 0.024399545043706894 528
1743435033231 0.02427118830382824 529
1743435039167 0.024355262517929077 530
1743435045021 0.024244364351034164 531
1743435050930 0.024408359080553055 532
1743435057272 0.023771541193127632 533
1743435063220 0.023773910477757454 534
1743435069255 0.023488400503993034 535
1743435075413 0.023608030751347542 536
1743435081417 0.023916875943541527 537
1743435081989 0.023919692263007164 538
1743435088076 0.023912684991955757 539
1743435093908 0.023302078247070312 540
1743435094477 0.023301657289266586 541
1743435100519 0.023433607071638107 542
1743435106629 0.023315615952014923 543
1743435112735 0.023437270894646645 544
1743435114400 0.023423466831445694 545
1743435120385 0.023399852216243744 546
1743435122003 0.023439036682248116 547
1743435127918 0.023707471787929535 548
1743435133934 0.023900527507066727 549
1743435139982 0.023582905530929565 550
1743435145906 0.023773083463311195 551
1743435146475 0.023774873465299606 552
1743435152437 0.023990055546164513 553
1743435158117 0.02394961193203926 554
1743435163860 0.02407161332666874 555
1743435169543 0.024193625897169113 556
1743435174688 0.023734401911497116 557
1743435179821 0.02286207675933838 558
1743435184894 0.02225429192185402 559
1743435190256 0.02199789136648178 560
1743435195493 0.022284599021077156 561
1743435200861 0.022511670365929604 562
1743435201413 0.022508874535560608 563
1743435206813 0.022198958322405815 564
1743435212156 0.022092994302511215 565
1743435217301 0.022430915385484695 566
1743435222942 0.022666096687316895 567
1743435228416 0.022865332663059235 568
1743435235596 0.023037564009428024 569
1743435243378 0.023433685302734375 570
1743435250295 0.023623265326023102 571
1743435257438 0.023252569139003754 572
1743435264441 0.022913914173841476 573
1743435271587 0.022999871522188187 574
1743435278355 0.023164749145507812 575
1743435285109 0.023210130631923676 576
1743435291985 0.023290669545531273 577
1743435293757 0.02334572561085224 578
1743435300804 0.02383085899055004 579
1743435307933 0.023617301136255264 580
1743435314960 0.02362949028611183 581
1743435322015 0.02406701073050499 582
1743435323899 0.024098578840494156 583
1743435331223 0.024685680866241455 584
1743435339271 0.02455572597682476 585
1743435346436 0.024205071851611137 586
1743435353285 0.024160193279385567 587
1743435353876 0.024156823754310608 588
1743435360676 0.023873720318078995 589
1743435362462 0.02384558506309986 590
1743435368999 0.023889128118753433 591
1743435374905 0.024111367762088776 592
1743435382063 0.024314945563673973 593
1743435389581 0.024289822205901146 594
1743435396447 0.024545107036828995 595
1743435403329 0.024525675922632217 596
1743435410007 0.02465163916349411 597
1743435416999 0.024923132732510567 598
1743435424001 0.02463897131383419 599
1743435431575 0.02499593421816826 600
1743435438591 0.025154534727334976 601
1743435446240 0.024985339492559433 602
1743435452886 0.025121193379163742 603
1743435459789 0.024974536150693893 604
1743435460362 0.024973351508378983 605
1743435467099 0.02532265894114971 606
1743435474243 0.025730546563863754 607
1743435481285 0.025748424232006073 608
1743435489278 0.025814592838287354 609
1743435496014 0.025579076260328293 610
1743435502875 0.025185037404298782 611
1743435509831 0.024885790422558784 612
1743435516549 0.024976400658488274 613
1743435524199 0.02482466958463192 614
1743435524786 0.02482595480978489 615
1743435532129 0.024853931739926338 616
1743435541129 0.024652890861034393 617
1743435548137 0.024938229471445084 618
1743435555541 0.025403223931789398 619
1743435563140 0.025750448927283287 620
1743435570901 0.025543084368109703 621
1743435579069 0.025065913796424866 622
1743435586127 0.02509623020887375 623
1743435587935 0.025147315114736557 624
1743435588522 0.025151818990707397 625
1743435589097 0.025156807154417038 626
1743435595327 0.025340434163808823 627
1743435596051 0.025340784341096878 628
1743435602803 0.025670688599348068 629
1743435609800 0.02573726512491703 630
1743435616451 0.026030566543340683 631
1743435623419 0.02628476358950138 632
1743435631388 0.026573963463306427 633
1743435637918 0.02643110416829586 634
1743435638514 0.02643004059791565 635
1743435645371 0.02629169076681137 636
1743435651818 0.026401963084936142 637
1743435652401 0.02639494463801384 638
1743435659219 0.0262948926538229 639
1743435660061 0.026339512318372726 640
1743435666573 0.026785533875226974 641
1743435668830 0.026792552322149277 642
1743435675329 0.026231899857521057 643
1743435681899 0.026326872408390045 644
1743435688575 0.02631993778049946 645
1743435696424 0.026346325874328613 646
1743435703877 0.02655501291155815 647
1743435710746 0.02669793739914894 648
1743435718540 0.02699124440550804 649
1743435726328 0.027061209082603455 650
1743435733645 0.026920262724161148 651
1743435740488 0.027055256068706512 652
1743435747327 0.02729051560163498 653
1743435754191 0.02718944102525711 654
1743435761850 0.02711266092956066 655
1743435769438 0.027128929272294044 656
1743435776884 0.02698080986738205 657
1743435783825 0.026831598952412605 658
1743435791937 0.02686678059399128 659
1743435799171 0.026998331770300865 660
1743435806202 0.026742978021502495 661
1743435813017 0.026721550151705742 662
1743435820548 0.027039404958486557 663
1743435827466 0.02744280733168125 664
1743435833684 0.027430661022663116 665
1743435840358 0.02729928120970726 666
1743435842124 0.02727433666586876 667
1743435848786 0.026892831549048424 668
1743435849777 0.02688804268836975 669
1743435856915 0.026702407747507095 670
1743435864140 0.026576999574899673 671
1743435871081 0.026819491758942604 672
1743435877594 0.02714736945927143 673
1743435884901 0.027339493855834007 674
1743435891720 0.02751646749675274 675
1743435899014 0.027836278080940247 676
1743435906039 0.027564993128180504 677
1743435912800 0.02717607654631138 678
1743435919763 0.02680816315114498 679
1743435927028 0.02716009132564068 680
1743435933929 0.02673760987818241 681
1743435940762 0.026555685326457024 682
1743435942908 0.026622679084539413 683
1743435943497 0.026629464700818062 684
1743435949923 0.026884695515036583 685
1743435956450 0.026739727705717087 686
1743435964279 0.026519551873207092 687
1743435970891 0.026326647028326988 688
1743435977326 0.025596322491765022 689
1743435985007 0.025421133264899254 690
1743435992200 0.02556334063410759 691
1743435999309 0.02547256276011467 692
1743436007070 0.02525935135781765 693
1743436014294 0.025353189557790756 694
1743436021139 0.025322454050183296 695
1743436028958 0.025235725566744804 696
1743436036561 0.025161877274513245 697
1743436044138 0.025261079892516136 698
1743436050922 0.02547280490398407 699
1743436057650 0.02597052976489067 700
1743436064654 0.026278654113411903 701
1743436071360 0.026363158598542213 702
1743436078313 0.025877898558974266 703
1743436079079 0.02587396837770939 704
1743436085852 0.025440534576773643 705
1743436086440 0.0254349485039711 706
1743436093055 0.02499251440167427 707
1743436099697 0.025420483201742172 708
1743436101681 0.025427334010601044 709
1743436108269 0.02532421052455902 710
1743436115538 0.025740886107087135 711
1743436122562 0.025962550193071365 712
1743436129519 0.02611515298485756 713
1743436131342 0.02612057514488697 714
1743436137879 0.026237472891807556 715
1743436144800 0.02641545608639717 716
1743436146644 0.026406513527035713 717
1743436153440 0.026516616344451904 718
1743436160044 0.026502586901187897 719
1743436166682 0.02676384150981903 720
1743436172959 0.027098676189780235 721
1743436179394 0.026926225051283836 722
1743436186132 0.027143137529492378 723
1743436192805 0.027168957516551018 724
1743436199413 0.027243902906775475 725
1743436205850 0.0277459267526865 726
1743436213196 0.02730534039437771 727
1743436220035 0.027213294059038162 728
1743436226793 0.02714168094098568 729
1743436233159 0.02723909541964531 730
1743436239730 0.02726629562675953 731
1743436246544 0.02728566713631153 732
1743436253553 0.02679862268269062 733
1743436260189 0.026646040380001068 734
1743436267050 0.026522276923060417 735
1743436273594 0.026783380657434464 736
1743436274329 0.02676357515156269 737
1743436281450 0.026972608640789986 738
1743436288051 0.02755226567387581 739
1743436294560 0.02785712480545044 740
1743436301801 0.028249723836779594 741
1743436308691 0.028646325692534447 742
1743436315523 0.02899794839322567 743
1743436316117 0.028999213129281998 744
1743436322935 0.02911532297730446 745
1743436324827 0.029101263731718063 746
1743436332119 0.02988928183913231 747
1743436339545 0.03017575666308403 748
1743436340144 0.030182700604200363 749
1743436347156 0.030189882963895798 750
1743436354442 0.030100373551249504 751
1743436361655 0.03022257797420025 752
1743436368750 0.030079899355769157 753
1743436375611 0.02988438680768013 754
1743436382655 0.029556116089224815 755
1743436389457 0.029210593551397324 756
1743436396440 0.029237452894449234 757
1743436403423 0.02923036366701126 758
1743436410517 0.028964519500732422 759
1743436416900 0.028531624004244804 760
1743436423476 0.028719423338770866 761
1743436430471 0.028832893818616867 762
1743436437305 0.028996841982007027 763
1743436443912 0.02895299531519413 764
1743436450325 0.02847885899245739 765
1743436457018 0.02877631038427353 766
1743436463617 0.029199110344052315 767
1743436464341 0.02920617163181305 768
1743436464935 0.02921319752931595 769
1743436471615 0.029275977984070778 770
1743436478271 0.02992696687579155 771
1743436484917 0.030426330864429474 772
1743436491510 0.030613256618380547 773
1743436498276 0.03111245296895504 774
1743436505321 0.03158269822597504 775
1743436512084 0.031302981078624725 776
1743436519265 0.03087753988802433 777
1743436526403 0.030434101819992065 778
1743436533494 0.030498741194605827 779
1743436540456 0.03038904443383217 780
1743436547861 0.029752105474472046 781
1743436548455 0.02974643185734749 782
1743436555021 0.02933676540851593 783
1743436557205 0.029328465461730957 784
1743436564090 0.029157962650060654 785
1743436570240 0.02860674075782299 786
1743436576468 0.02892211452126503 787
1743436577055 0.028924699872732162 788
1743436583932 0.028574824333190918 789
1743436591409 0.028162924572825432 790
1743436597916 0.02790040895342827 791
1743436598531 0.027897601947188377 792
1743436604927 0.0280255526304245 793
1743436611435 0.0283089280128479 794
1743436618296 0.028186140581965446 795
1743436624985 0.028369013220071793 796
1743436631709 0.028706593438982964 797
1743436638233 0.028600124642252922 798
1743436644622 0.028601469472050667 799
1743436651780 0.028546232730150223 800
1743436658348 0.02807181514799595 801
1743436665546 0.027866531163454056 802
1743436672521 0.028013193979859352 803
1743436673134 0.028017863631248474 804
1743436680180 0.02775704860687256 805
1743436687404 0.027989013120532036 806
1743436694068 0.028173932805657387 807
1743436700615 0.028172319754958153 808
1743436707526 0.027889633551239967 809
1743436710817 0.027864031493663788 810
1743436718162 0.027584722265601158 811
1743436724909 0.02770950086414814 812
1743436732376 0.027729440480470657 813
1743436739582 0.028052212670445442 814
1743436746822 0.027971701696515083 815
1743436754338 0.027322109788656235 816
1743436761817 0.027320317924022675 817
1743436768280 0.027186283841729164 818
1743436775457 0.027065055444836617 819
1743436783065 0.026756351813673973 820
1743436791667 0.027025502175092697 821
1743436798373 0.02723792754113674 822
1743436804705 0.026812030002474785 823
1743436812509 0.02657819539308548 824
1743436819715 0.02665027230978012 825
1743436826771 0.02616347000002861 826
1743436834261 0.025911711156368256 827
1743436840782 0.02602994069457054 828
1743436847484 0.025924596935510635 829
1743436854560 0.025873344391584396 830
1743436856969 0.025901848450303078 831
1743436864168 0.026152050122618675 832
1743436871689 0.02598963864147663 833
1743436878613 0.026423271745443344 834
1743436886335 0.02635965868830681 835
1743436893075 0.02612946927547455 836
1743436901115 0.026179194450378418 837
1743436910394 0.026315484195947647 838
1743436918466 0.026590492576360703 839
1743436925857 0.026655495166778564 840
1743436933595 0.026645392179489136 841
1743436940243 0.026767946779727936 842
1743436946835 0.026564860716462135 843
1743436947425 0.026557382196187973 844
1743436954250 0.0260803010314703 845
1743436960985 0.02545916847884655 846
1743436967644 0.025337176397442818 847
1743436968238 0.025335419923067093 848
1743436975404 0.025272833183407784 849
1743436982777 0.025227706879377365 850
1743436989083 0.025215312838554382 851
1743436995654 0.025452449917793274 852
1743437002497 0.025786826387047768 853
1743437009269 0.025965558364987373 854
1743437016738 0.025829264894127846 855
1743437024130 0.02546067349612713 856
1743437031574 0.025022808462381363 857
1743437039126 0.025376303121447563 858
1743437046523 0.025924405083060265 859
1743437053062 0.02611123025417328 860
1743437059723 0.026796743273735046 861
1743437066950 0.0271744504570961 862
1743437074876 0.027990808710455894 863
1743437082054 0.028132906183600426 864
1743437088592 0.02799445204436779 865
1743437095752 0.028292261064052582 866
1743437102228 0.028715787455439568 867
1743437108637 0.028543850407004356 868
1743437115568 0.029049376025795937 869
1743437122630 0.029330192133784294 870
1743437129632 0.029214486479759216 871
1743437136761 0.029310045763850212 872
1743437143861 0.029431020841002464 873
1743437150862 0.029356546700000763 874
1743437157791 0.029104948043823242 875
1743437165234 0.02903997153043747 876
1743437171843 0.029132258147001266 877
1743437178135 0.028630055487155914 878
1743437184279 0.028046486899256706 879
1743437191703 0.02776116505265236 880
1743437192289 0.02776261419057846 881
1743437199537 0.027956487610936165 882
1743437206144 0.027636529877781868 883
1743437212540 0.02721424028277397 884
1743437219574 0.026719149202108383 885
1743437226234 0.026530086994171143 886
1743437233484 0.026558635756373405 887
1743437241015 0.02666677162051201 888
1743437247988 0.026522237807512283 889
1743437254740 0.026756983250379562 890
1743437261224 0.02713429182767868 891
1743437267728 0.027340706437826157 892
1743437274813 0.026667287573218346 893
1743437281420 0.026008568704128265 894
1743437288527 0.025623494759202003 895
1743437295847 0.025674397125840187 896
1743437303315 0.02562744729220867 897
1743437310171 0.025641649961471558 898
1743437316996 0.02587193250656128 899
1743437323772 0.0255751870572567 900
1743437330994 0.025457577779889107 901
1743437338644 0.025058239698410034 902
1743437346101 0.024932118132710457 903
1743437352371 0.024884365499019623 904
1743437358566 0.02491760067641735 905
1743437365870 0.02522698976099491 906
1743437372555 0.025264477357268333 907
1743437379290 0.025169027969241142 908
1743437387966 0.02508174255490303 909
1743437394583 0.024600131437182426 910
1743437402534 0.024726130068302155 911
1743437408853 0.02453424781560898 912
1743437415192 0.024130983278155327 913
1743437421846 0.023998979479074478 914
1743437430140 0.023936830461025238 915
1743437437723 0.024030355736613274 916
1743437445458 0.024256562814116478 917
1743437452610 0.024920618161559105 918
1743437459752 0.024582449346780777 919
1743437466252 0.02491769567131996 920
1743437473390 0.024888020008802414 921
1743437480053 0.025482330471277237 922
1743437486907 0.02529945597052574 923
1743437494319 0.025554779917001724 924
1743437500953 0.025874696671962738 925
1743437507765 0.026468046009540558 926
1743437514863 0.026284676045179367 927
1743437521518 0.026613160967826843 928
1743437525879 0.026689518243074417 929
1743437532597 0.026874084025621414 930
1743437539457 0.02655189298093319 931
1743437546340 0.026516679674386978 932
1743437552479 0.026600807905197144 933
1743437558529 0.026895929127931595 934
1743437565333 0.02743176557123661 935
1743437572411 0.02760205790400505 936
1743437579585 0.027351034805178642 937
1743437586224 0.027749380096793175 938
1743437592243 0.027741441503167152 939
1743437599091 0.027613846585154533 940
1743437605583 0.028343256562948227 941
1743437612043 0.02844255603849888 942
1743437618688 0.02835717983543873 943
1743437625592 0.028248948976397514 944
1743437632191 0.0278888288885355 945
1743437639075 0.027387628331780434 946
1743437645713 0.027332115918397903 947
1743437652164 0.027400847524404526 948
1743437659026 0.027236739173531532 949
1743437665645 0.0269453302025795 950
1743437666237 0.026945125311613083 951
1743437673874 0.027407798916101456 952
1743437680658 0.027652975171804428 953
1743437687356 0.02785015106201172 954
1743437694293 0.02782329171895981 955
1743437701246 0.028115252032876015 956
1743437707927 0.028312092646956444 957
1743437709640 0.028290176764130592 958
1743437715942 0.027944331988692284 959
1743437722977 0.028000053018331528 960
1743437729988 0.028040623292326927 961
1743437736827 0.02826855517923832 962
1743437743540 0.028307976201176643 963
1743437750464 0.02880292385816574 964
1743437757071 0.02876809984445572 965
1743437763165 0.028644325211644173 966
1743437769321 0.028431328013539314 967
1743437776137 0.028298987075686455 968
1743437783018 0.028197498992085457 969
1743437789883 0.027711080387234688 970
1743437796806 0.027570152655243874 971
1743437803614 0.027530793100595474 972
1743437810624 0.027929319068789482 973
1743437817475 0.0284561887383461 974
1743437824452 0.028446264564990997 975
1743437831326 0.02850307524204254 976
1743437833632 0.028496280312538147 977
1743437840461 0.02902868203818798 978
1743437847633 0.02906160242855549 979
1743437854890 0.028862467035651207 980
1743437862148 0.029113635420799255 981
1743437869550 0.029061879962682724 982
1743437870146 0.02905992604792118 983
1743437877166 0.028457023203372955 984
1743437884480 0.028148969635367393 985
1743437886514 0.028073750436306 986
1743437894004 0.02830205112695694 987
1743437901032 0.028255321085453033 988
1743437901630 0.02825555019080639 989
1743437908822 0.02810272015631199 990
1743437915789 0.027893610298633575 991
1743437922517 0.02746114693582058 992
1743437929151 0.027450699359178543 993
1743437935751 0.02762344665825367 994
1743437942830 0.027813522145152092 995
1743437949389 0.028211843222379684 996
1743437955831 0.028382083401083946 997
1743437962590 0.027864065021276474 998
1743437969597 0.027301572263240814 999
1743437976610 0.026813333854079247 1000
1743437983717 0.0265948548913002 1001
1743437990489 0.02646321803331375 1002
1743437997343 0.02652423083782196 1003
1743438004351 0.026505373418331146 1004
1743438011023 0.026597505435347557 1005
1743438017875 0.02620404027402401 1006
1743438024880 0.02561584673821926 1007
1743438031688 0.025575142353773117 1008
1743438038793 0.02543591894209385 1009
1743438045290 0.02536943182349205 1010
1743438052175 0.025325503200292587 1011
1743438059305 0.025334324687719345 1012
1743438066307 0.02555403672158718 1013
1743438072927 0.0262666717171669 1014
1743438075055 0.02637655660510063 1015
1743438081907 0.026732128113508224 1016
1743438088429 0.026760129258036613 1017
1743438095563 0.026903066784143448 1018
1743438102941 0.02742822840809822 1019
1743438110138 0.027682216838002205 1020
1743438117326 0.027692019939422607 1021
1743438117924 0.027693048119544983 1022
1743438125293 0.02738168090581894 1023
1743438131651 0.027190692722797394 1024
1743438138242 0.027261674404144287 1025
1743438144851 0.02729087881743908 1026
1743438151922 0.02722650021314621 1027
1743438159075 0.027253596112132072 1028
1743438166329 0.02735859900712967 1029
1743438166917 0.027361437678337097 1030
1743438173929 0.027213294059038162 1031
1743438180995 0.027460774406790733 1032
1743438188078 0.02753150835633278 1033
1743438194760 0.02743156999349594 1034
1743438200915 0.026704074814915657 1035
1743438207594 0.026729285717010498 1036
1743438213887 0.026757748797535896 1037
1743438220052 0.02681964449584484 1038
1743438226794 0.026840947568416595 1039
1743438232796 0.027047760784626007 1040
1743438240031 0.02704729698598385 1041
1743438246930 0.02694488689303398 1042
1743438253931 0.02700531668961048 1043
1743438260860 0.02683243714272976 1044
1743438267647 0.02694340981543064 1045
1743438274376 0.02732718363404274 1046
1743438281338 0.027034588158130646 1047
1743438287970 0.02662123739719391 1048
1743438294692 0.026637332513928413 1049
1743438301486 0.02637385204434395 1050
1743438308343 0.026720702648162842 1051
1743438315242 0.02683328092098236 1052
1743438322388 0.026913119480013847 1053
1743438328662 0.026934495195746422 1054
1743438335103 0.02683188021183014 1055
1743438341944 0.026828540489077568 1056
1743438343972 0.02683870680630207 1057
1743438352495 0.026611782610416412 1058
1743438353094 0.026616167277097702 1059
1743438359546 0.026460744440555573 1060
1743438366941 0.02611429989337921 1061
1743438373186 0.026200711727142334 1062
1743438379932 0.026324313133955002 1063
1743438386234 0.026146477088332176 1064
1743438392812 0.025946225970983505 1065
1743438399104 0.025817351415753365 1066
1743438405467 0.025729019194841385 1067
1743438411783 0.0259400587528944 1068
1743438418595 0.025782959535717964 1069
1743438425520 0.026225771754980087 1070
1743438432331 0.026445791125297546 1071
1743438439130 0.026907242834568024 1072
1743438445817 0.026899276301264763 1073
1743438452592 0.027110392227768898 1074
1743438459392 0.026942182332277298 1075
1743438466237 0.026618795469403267 1076
1743438472792 0.026474660262465477 1077
1743438479731 0.026356101036071777 1078
1743438486468 0.026609670370817184 1079
1743438492934 0.02681066282093525 1080
1743438499637 0.026746466755867004 1081
1743438500372 0.026743564754724503 1082
1743438506927 0.026779206469655037 1083
1743438513323 0.02679545432329178 1084
1743438519761 0.026952039450407028 1085
1743438526501 0.026712868362665176 1086
1743438532985 0.02617170475423336 1087
1743438539369 0.026007607579231262 1088
1743438545677 0.025982098653912544 1089
1743438552205 0.026026297360658646 1090
1743438558798 0.026358822360634804 1091
1743438564826 0.027153849601745605 1092
1743438571006 0.02735014073550701 1093
1743438577256 0.027846280485391617 1094
1743438584047 0.028113340958952904 1095
1743438591363 0.028503406792879105 1096
1743438598866 0.028452131897211075 1097
1743438605222 0.028350094333291054 1098
1743438611629 0.02818010002374649 1099
1743438614424 0.028147350996732712 1100
1743438615009 0.028147391974925995 1101
1743438621261 0.028053542599081993 1102
1743438627760 0.028051087632775307 1103
1743438634735 0.02802758291363716 1104
1743438641433 0.028195852413773537 1105
1743438648666 0.0281989648938179 1106
1743438655577 0.028430305421352386 1107
1743438656170 0.028431124985218048 1108
1743438662937 0.02807062491774559 1109
1743438669869 0.028080971911549568 1110
1743438676753 0.02788708731532097 1111
1743438683697 0.02776755392551422 1112
1743438690802 0.028008311986923218 1113
1743438697707 0.02786508947610855 1114
1743438704661 0.027822747826576233 1115
1743438706701 0.027825037017464638 1116
1743438713263 0.02765580266714096 1117
1743438717283 0.027563678100705147 1118
1743438723144 0.02783467061817646 1119
1743438729943 0.027922429144382477 1120
1743438736765 0.027827950194478035 1121
1743438743292 0.027914799749851227 1122
1743438749876 0.02796458639204502 1123
1743438756119 0.028049737215042114 1124
1743438756874 0.028042422607541084 1125
1743438763761 0.027999959886074066 1126
1743438770603 0.028300628066062927 1127
1743438777432 0.028669003397226334 1128
1743438778017 0.028671205043792725 1129
1743438784746 0.028752341866493225 1130
1743438791504 0.028645239770412445 1131
1743438798362 0.029392557218670845 1132
1743438804545 0.029985489323735237 1133
1743438805128 0.02998855710029602 1134
1743438805716 0.029991095885634422 1135
1743438812200 0.0299484021961689 1136
1743438819062 0.02993069216609001 1137
1743438821111 0.029880667105317116 1138
1743438827904 0.029904386028647423 1139
1743438834612 0.030115827918052673 1140
1743438841113 0.03038337267935276 1141
1743438847716 0.030280567705631256 1142
1743438854522 0.030645117163658142 1143
1743438861223 0.03090031072497368 1144
1743438867721 0.030971398577094078 1145
1743438874533 0.030808299779891968 1146
1743438880978 0.031081579625606537 1147
1743438887772 0.03132206201553345 1148
1743438894428 0.03120114654302597 1149
1743438901274 0.030822986736893654 1150
1743438908257 0.030793560668826103 1151
1743438915623 0.030615437775850296 1152
1743438922403 0.030613387003540993 1153
1743438929177 0.03068656474351883 1154
1743438936290 0.030798906460404396 1155
1743438943174 0.030758904293179512 1156
1743438949618 0.030574925243854523 1157
1743438956681 0.03036562353372574 1158
1743438963090 0.029975060373544693 1159
1743438970057 0.030253665521740913 1160
1743438976888 0.030602697283029556 1161
1743438983377 0.030719483271241188 1162
1743438989920 0.03116687946021557 1163
1743438996690 0.03139539062976837 1164
1743439003547 0.031225407496094704 1165
1743439010295 0.031066400930285454 1166
1743439016793 0.03091336041688919 1167
1743439023269 0.030928563326597214 1168
1743439030067 0.03068612515926361 1169
1743439036864 0.030832018703222275 1170
1743439043028 0.0314597487449646 1171
1743439049479 0.031813934445381165 1172
1743439055901 0.03155776858329773 1173
1743439062127 0.03138769045472145 1174
1743439068690 0.0311881173402071 1175
1743439069282 0.03118083067238331 1176
1743439075460 0.030765917152166367 1177
1743439081832 0.030399320647120476 1178
1743439088339 0.030692074447870255 1179
1743439094622 0.030367078259587288 1180
1743439101436 0.030387943610548973 1181
1743439108326 0.0302272979170084 1182
1743439115270 0.02999422699213028 1183
1743439122034 0.029510390013456345 1184
1743439126195 0.02957148104906082 1185
1743439132378 0.029772967100143433 1186
1743439138705 0.029874727129936218 1187
1743439145730 0.02984769456088543 1188
1743439146366 0.02984176017343998 1189
1743439146939 0.029836928471922874 1190
1743439153700 0.030052192509174347 1191
1743439160412 0.029843175783753395 1192
1743439167332 0.02977338619530201 1193
1743439169721 0.0298081673681736 1194
1743439176935 0.029620444402098656 1195
1743439183662 0.02950899675488472 1196
1743439190525 0.02960984595119953 1197
1743439197449 0.029414843767881393 1198
1743439204110 0.02893696539103985 1199
1743439209931 0.02893979288637638 1200
1743439216344 0.028676891699433327 1201
1743439217078 0.02867583930492401 1202
1743439218749 0.02866869606077671 1203
1743439225548 0.028911394998431206 1204
1743439232544 0.02901482954621315 1205
1743439239399 0.02923993393778801 1206
1743439239992 0.029237529262900352 1207
1743439246781 0.029364554211497307 1208
1743439253657 0.029252730309963226 1209
1743439260539 0.028867444023489952 1210
1743439267317 0.02927217446267605 1211
1743439274098 0.029479574412107468 1212
1743439280639 0.02955782786011696 1213
1743439287448 0.02957332134246826 1214
1743439289571 0.029499057680368423 1215
1743439296350 0.029636219143867493 1216
1743439303417 0.02994040586054325 1217
1743439310746 0.029909012839198112 1218
1743439317973 0.030054787173867226 1219
1743439325126 0.02974879927933216 1220
1743439331751 0.02957182750105858 1221
1743439338906 0.029742863029241562 1222
1743439340965 0.02970626763999462 1223
1743439347801 0.03059634193778038 1224
1743439354512 0.030765213072299957 1225
1743439361007 0.030958713963627815 1226
1743439367613 0.03093409352004528 1227
1743439374224 0.030770838260650635 1228
1743439380889 0.03094439022243023 1229
1743439387600 0.030564984306693077 1230
1743439394353 0.030038582161068916 1231
1743439401060 0.029854390770196915 1232
1743439407833 0.02956962026655674 1233
1743439414704 0.029577193781733513 1234
1743439421179 0.029180265963077545 1235
1743439427846 0.02899664081633091 1236
1743439434941 0.029088595882058144 1237
1743439441844 0.02910512685775757 1238
1743439448784 0.029107805341482162 1239
1743439455646 0.029300445690751076 1240
1743439462459 0.02932092174887657 1241
1743439469289 0.02951379492878914 1242
1743439476149 0.0297089796513319 1243
1743439482923 0.029604418203234673 1244
1743439489851 0.029515843838453293 1245
1743439496646 0.02952958270907402 1246
1743439503518 0.029943525791168213 1247
1743439510236 0.029914390295743942 1248
1743439516906 0.03004492074251175 1249
1743439523849 0.03010084666311741 1250
1743439531037 0.030279606580734253 1251
1743439538065 0.030187860131263733 1252
1743439544978 0.03013703227043152 1253
1743439551901 0.029664460569620132 1254
1743439556026 0.029516370967030525 1255
1743439562788 0.029037244617938995 1256
1743439569857 0.028711125254631042 1257
1743439576828 0.028773806989192963 1258
1743439578559 0.02873561531305313 1259
1743439585322 0.028931867331266403 1260
1743439592629 0.02909449115395546 1261
1743439599455 0.029433447867631912 1262
1743439605831 0.029779590666294098 1263
1743439612643 0.030096735805273056 1264
1743439619677 0.029983431100845337 1265
1743439621810 0.030022207647562027 1266
1743439628455 0.030078686773777008 1267
1743439635351 0.02985907532274723 1268
1743439642223 0.03008991852402687 1269
1743439648784 0.03004155494272709 1270
1743439655226 0.029885219410061836 1271
1743439657263 0.02993377484381199 1272
1743439664113 0.030236978083848953 1273
1743439670754 0.03041440062224865 1274
1743439677859 0.03062368743121624 1275
1743439678449 0.030622322112321854 1276
1743439685382 0.030780648812651634 1277
1743439692324 0.03125634044408798 1278
1743439699018 0.030965255573391914 1279
1743439705891 0.030928075313568115 1280
1743439712583 0.030682284384965897 1281
1743439719393 0.031141730025410652 1282
1743439726473 0.03131439536809921 1283
1743439729187 0.0314810648560524 1284
1743439735456 0.03128310665488243 1285
1743439736379 0.031276654452085495 1286
1743439743673 0.03132694587111473 1287
1743439750690 0.0314987376332283 1288
1743439751287 0.031500834971666336 1289
1743439753971 0.03144862875342369 1290
1743439760708 0.03189585730433464 1291
1743439767730 0.03182769566774368 1292
1743439774972 0.031518902629613876 1293
1743439781568 0.031207716092467308 1294
1743439788397 0.030738964676856995 1295
1743439795127 0.030625592917203903 1296
1743439796931 0.03058038465678692 1297
1743439804142 0.03053772635757923 1298
1743439810892 0.02994278259575367 1299
1743439818266 0.029167883098125458 1300
1743439825062 0.028790296986699104 1301
1743439831914 0.028707977384328842 1302
1743439833643 0.028694454580545425 1303
1743439840466 0.02864827960729599 1304
1743439847182 0.02912803553044796 1305
1743439847946 0.02912481315433979 1306
1743439854996 0.02886568196117878 1307
1743439861514 0.02859499119222164 1308
1743439868450 0.028788354247808456 1309
1743439875604 0.02873469702899456 1310
1743439882400 0.028921715915203094 1311
1743439889412 0.029291944578289986 1312
1743439896558 0.029051024466753006 1313
1743439903535 0.028654085472226143 1314
1743439910117 0.028320200741291046 1315
1743439917318 0.02829701080918312 1316
1743439924449 0.028080161660909653 1317
1743439926210 0.02813359722495079 1318
1743439927047 0.028181705623865128 1319
1743439928758 0.0282440185546875 1320
1743439935936 0.02832060679793358 1321
1743439942957 0.028551774099469185 1322
1743439945596 0.02864830568432808 1323
1743439952278 0.029278574511408806 1324
1743439952865 0.029285164549946785 1325
1743439953462 0.029291532933712006 1326
1743439960448 0.029453827068209648 1327
1743439967713 0.029183631762862206 1328
1743439974658 0.029189951717853546 1329
1743439981955 0.02942032180726528 1330
1743439989298 0.02963005006313324 1331
1743439996575 0.029464734718203545 1332
1743440003870 0.028941119089722633 1333
1743440004741 0.02895521931350231 1334
1743440011810 0.029172098264098167 1335
1743440018484 0.02965720370411873 1336
1743440025101 0.029732363298535347 1337
1743440031939 0.029746614396572113 1338
1743440038755 0.030064189806580544 1339
1743440045560 0.030342819169163704 1340
1743440052635 0.030751220881938934 1341
1743440059773 0.030839502811431885 1342
1743440066492 0.03101109154522419 1343
1743440073251 0.03150368854403496 1344
1743440080163 0.03192877396941185 1345
1743440087304 0.03155100718140602 1346
1743440089388 0.031547147780656815 1347
1743440096094 0.031452570110559464 1348
1743440102982 0.03142140805721283 1349
1743440103582 0.03142080083489418 1350
1743440110401 0.03172643110156059 1351
1743440116935 0.031644660979509354 1352
1743440123498 0.031248167157173157 1353
1743440125385 0.031238125637173653 1354
1743440132211 0.03121366910636425 1355
1743440138962 0.031009463593363762 1356
1743440139546 0.031012125313282013 1357
1743440146542 0.030464671552181244 1358
1743440152385 0.030259212478995323 1359
1743440159150 0.030860980972647667 1360
1743440162311 0.030881619080901146 1361
1743440169374 0.031223315745592117 1362
1743440176304 0.03140514716506004 1363
1743440183087 0.031207917258143425 1364
1743440184841 0.031197896227240562 1365
1743440191795 0.03136368468403816 1366
1743440198404 0.03167622908949852 1367
1743440205761 0.031880270689725876 1368
1743440212346 0.032106220722198486 1369
1743440219466 0.03242509812116623 1370
1743440226235 0.03280530497431755 1371
1743440230357 0.03287631273269653 1372
1743440236957 0.0328124538064003 1373
1743440243828 0.032678842544555664 1374
1743440250591 0.031791701912879944 1375
1743440257606 0.031649354845285416 1376
1743440264479 0.03171151131391525 1377
1743440271361 0.03213203698396683 1378
1743440278534 0.03238586336374283 1379
1743440285289 0.032656121999025345 1380
1743440292273 0.03333602473139763 1381
1743440299103 0.03424425050616264 1382
1743440306010 0.03480749577283859 1383
1743440313164 0.03490722179412842 1384
1743440320191 0.03515554592013359 1385
1743440326908 0.03548522666096687 1386
1743440333883 0.0355193130671978 1387
1743440340739 0.03472337871789932 1388
1743440347286 0.03468753397464752 1389
1743440354136 0.035138461738824844 1390
1743440360292 0.03509877994656563 1391
1743440366928 0.035421427339315414 1392
1743440373368 0.03564049303531647 1393
1743440379976 0.03608853742480278 1394
1743440386672 0.036691080778837204 1395
1743440392576 0.03678079694509506 1396
1743440399384 0.03654125705361366 1397
1743440406192 0.036960210651159286 1398
1743440413169 0.0374080054461956 1399
1743440419952 0.0374634750187397 1400
1743440426707 0.03750623017549515 1401
1743440427304 0.037510719150304794 1402
1743440433998 0.037985872477293015 1403
1743440440829 0.03783542662858963 1404
1743440447886 0.03743836656212807 1405
1743440454704 0.03657175600528717 1406
1743440461296 0.036208316683769226 1407
1743440467894 0.03646022081375122 1408
1743440475009 0.03692985698580742 1409
1743440481486 0.03751562163233757 1410
1743440483518 0.03754555433988571 1411
1743440487438 0.03770245239138603 1412
1743440494343 0.03791849687695503 1413
1743440501418 0.03782106563448906 1414
1743440508308 0.037498559802770615 1415
1743440514838 0.03790220990777016 1416
1743440521505 0.03785095363855362 1417
1743440528549 0.03723251447081566 1418
1743440535124 0.037376418709754944 1419
1743440541608 0.03723979368805885 1420
1743440543371 0.03727652505040169 1421
1743440550347 0.037115007638931274 1422
1743440557345 0.03724220022559166 1423
1743440564380 0.03695058822631836 1424
1743440571179 0.03719605505466461 1425
1743440578572 0.03693980723619461 1426
1743440585378 0.0366436131298542 1427
1743440591753 0.036248207092285156 1428
1743440592355 0.03624754771590233 1429
1743440594156 0.03620016947388649 1430
1743440601337 0.03552253171801567 1431
1743440603642 0.035431765019893646 1432
1743440604393 0.03543001785874367 1433
1743440611674 0.03547559306025505 1434
1743440618779 0.035651795566082 1435
1743440626070 0.03592696040868759 1436
1743440633053 0.03558022901415825 1437
1743440640117 0.035580892115831375 1438
1743440647334 0.035391103476285934 1439
1743440649328 0.035320498049259186 1440
1743440652110 0.03514048084616661 1441
1743440658770 0.034941136837005615 1442
1743440665615 0.03480396792292595 1443
1743440672421 0.0347219742834568 1444
1743440679181 0.034447912126779556 1445
1743440686156 0.03494732826948166 1446
1743440692695 0.03570966050028801 1447
1743440699340 0.035498183220624924 1448
1743440705986 0.03562234714627266 1449
1743440712525 0.03550046682357788 1450
1743440719246 0.03572576493024826 1451
1743440726445 0.03563066944479942 1452
1743440733412 0.03557596355676651 1453
1743440740279 0.035700924694538116 1454
1743440747135 0.03554977849125862 1455
1743440753791 0.03530050441622734 1456
1743440760394 0.03519108518958092 1457
1743440766933 0.03471701592206955 1458
1743440773742 0.034824736416339874 1459
1743440780114 0.03443112224340439 1460
1743440780866 0.034428708255290985 1461
1743440787780 0.03462772071361542 1462
1743440794765 0.03502430021762848 1463
1743440801487 0.035582613199949265 1464
1743440808278 0.03608529269695282 1465
1743440815231 0.03634310141205788 1466
1743440821847 0.03644993156194687 1467
1743440823730 0.03643559291958809 1468
1743440830257 0.03592635318636894 1469
1743440836831 0.03606729954481125 1470
1743440837441 0.03607005253434181 1471
1743440844352 0.03628198802471161 1472
1743440846296 0.03624697029590607 1473
1743440853333 0.03630458563566208 1474
1743440860381 0.036700695753097534 1475
1743440867179 0.03690169379115105 1476
1743440873980 0.03691413626074791 1477
1743440881312 0.03700215369462967 1478
1743440888100 0.037267763167619705 1479
1743440895058 0.03759022057056427 1480
1743440902220 0.03780800476670265 1481
1743440909031 0.03801615163683891 1482
1743440911325 0.038005974143743515 1483
1743440918220 0.03816913068294525 1484
1743440924823 0.03807004541158676 1485
1743440931442 0.037803154438734055 1486
1743440932040 0.03780599310994148 1487
1743440938940 0.03729546070098877 1488
1743440939696 0.0372922420501709 1489
1743440946976 0.037240833044052124 1490
1743440954027 0.036765336990356445 1491
1743440960712 0.036180417984724045 1492
1743440967792 0.03595748543739319 1493
1743440974276 0.03551359847187996 1494
1743440980871 0.03555312752723694 1495
1743440988318 0.035655926913022995 1496
1743440995427 0.035238370299339294 1497
1743441002680 0.03481730446219444 1498
1743441009663 0.035064104944467545 1499
1743441016742 0.035049065947532654 1500
1743441023642 0.0346243754029274 1501
1743441031102 0.034380655735731125 1502
1743441038398 0.0339723639190197 1503
1743441039002 0.033964429050683975 1504
1743441046216 0.03393552452325821 1505
1743441053247 0.033845171332359314 1506
1743441059922 0.034243009984493256 1507
1743441066821 0.03466666862368584 1508
1743441073918 0.034457385540008545 1509
1743441080896 0.034741614013910294 1510
1743441082720 0.03475716710090637 1511
1743441089578 0.035118311643600464 1512
1743441096472 0.03478512912988663 1513
1743441103011 0.0348832793533802 1514
1743441109474 0.035036586225032806 1515
1743441116104 0.035616301000118256 1516
1743441123060 0.03573628515005112 1517
1743441129826 0.036137208342552185 1518
1743441136698 0.036411870270967484 1519
1743441137297 0.03641679137945175 1520
1743441143688 0.036136332899332047 1521
1743441150374 0.03587590530514717 1522
1743441157019 0.03555045649409294 1523
1743441159628 0.035602349787950516 1524
1743441166407 0.03541594743728638 1525
1743441173112 0.03499747812747955 1526
1743441179817 0.03503703698515892 1527
1743441182081 0.03505975753068924 1528
1743441189250 0.03526192158460617 1529
1743441196230 0.03539194166660309 1530
1743441203037 0.03580217808485031 1531
1743441209588 0.036247920244932175 1532
1743441210176 0.03624780848622322 1533
1743441217065 0.03656093403697014 1534
1743441224192 0.03640386462211609 1535
1743441231444 0.03653503954410553 1536
1743441238696 0.0364968366920948 1537
1743441240632 0.036489203572273254 1538
1743441247844 0.035933393985033035 1539
1743441254696 0.03569071367383003 1540
1743441261764 0.03523962199687958 1541
1743441269168 0.0347026064991951 1542
1743441270026 0.03469027206301689 1543
1743441277301 0.03459858149290085 1544
1743441284542 0.034881290048360825 1545
1743441291382 0.03536805883049965 1546
1743441298505 0.03567836061120033 1547
1743441305175 0.03549391031265259 1548
1743441311924 0.03551000729203224 1549
1743441318866 0.03553222864866257 1550
1743441325813 0.03550472483038902 1551
1743441332912 0.03618844971060753 1552
1743441339847 0.03617363050580025 1553
1743441340449 0.0361756905913353 1554
1743441342459 0.03625521436333656 1555
1743441349506 0.036131713539361954 1556
1743441356426 0.0361744686961174 1557
1743441363740 0.035957321524620056 1558
1743441370337 0.03561128303408623 1559
1743441377158 0.03542324900627136 1560
1743441383592 0.034919027239084244 1561
1743441390302 0.03487275168299675 1562
1743441396908 0.034616898745298386 1563
1743441403569 0.03453182056546211 1564
1743441410188 0.03432280197739601 1565
1743441417044 0.033753957599401474 1566
1743441417632 0.033755961805582047 1567
1743441424676 0.03381733596324921 1568
1743441431505 0.03368185833096504 1569
1743441437829 0.0338236428797245 1570
1743441444784 0.034057583659887314 1571
1743441451610 0.03378498926758766 1572
1743441453741 0.03364923596382141 1573
1743441460511 0.0331110917031765 1574
1743441467326 0.03312813118100166 1575
1743441473717 0.03298418968915939 1576
1743441476238 0.03291069343686104 1577
1743441478221 0.03292432799935341 1578
1743441484698 0.03263353556394577 1579
1743441491544 0.032697103917598724 1580
1743441498545 0.0328868106007576 1581
1743441505682 0.03326612710952759 1582
1743441512809 0.033217161893844604 1583
1743441513404 0.03321509435772896 1584
1743441519913 0.03330579027533531 1585
1743441527124 0.03357713669538498 1586
1743441534009 0.034015361219644547 1587
1743441541343 0.03416735306382179 1588
1743441548511 0.03397805988788605 1589
1743441555404 0.03435930982232094 1590
1743441557043 0.03440333530306816 1591
1743441563770 0.034600213170051575 1592
1743441570699 0.03505647927522659 1593
1743441577454 0.03520683944225311 1594
1743441584324 0.03534916788339615 1595
1743441590987 0.035839978605508804 1596
1743441597692 0.03595440834760666 1597
1743441605592 0.03634440898895264 1598
1743441608727 0.03647295758128166 1599
1743441615868 0.03620990365743637 1600
1743441622953 0.03564915060997009 1601
1743441629856 0.03582414239645004 1602
1743441636410 0.03612641617655754 1603
1743441643294 0.036558598279953 1604
1743441649932 0.036536805331707 1605
1743441658437 0.036776717752218246 1606
1743441660115 0.03682682663202286 1607
1743441665854 0.036998625844717026 1608
1743441671076 0.037671398371458054 1609
1743441676402 0.03820083662867546 1610
1743441676985 0.03820258751511574 1611
1743441682232 0.03861723095178604 1612
1743441687438 0.03853204846382141 1613
1743441691667 0.03850280120968819 1614
1743441696952 0.038566213101148605 1615
1743441702278 0.038561753928661346 1616
1743441707389 0.03883542865514755 1617
1743441712785 0.03938474506139755 1618
1743441717914 0.04035833477973938 1619
1743441723084 0.040354400873184204 1620
1743441728226 0.03955520689487457 1621
1743441733562 0.03958648070693016 1622
1743441739083 0.0394730381667614 1623
1743441744443 0.039487890899181366 1624
1743441749582 0.039366450160741806 1625
1743441755024 0.038568105548620224 1626
1743441760392 0.038476474583148956 1627
1743441765762 0.03831219673156738 1628
1743441770904 0.03851228579878807 1629
1743441776301 0.0377655066549778 1630
1743441781665 0.037813447415828705 1631
1743441786868 0.03768795356154442 1632
1743441792078 0.0374504029750824 1633
1743441797495 0.03798448666930199 1634
1743441802746 0.03826082497835159 1635
1743441808218 0.03822962939739227 1636
1743441813487 0.03807966038584709 1637
1743441818564 0.03764607757329941 1638
1743441824049 0.03771895170211792 1639
1743441829168 0.037822313606739044 1640
1743441834431 0.03762032836675644 1641
1743441836387 0.03760191798210144 1642
1743441841604 0.037562295794487 1643
1743441846940 0.03756091743707657 1644
1743441852289 0.03766477853059769 1645
1743441857725 0.038310617208480835 1646
1743441862810 0.03861502930521965 1647
1743441863390 0.038618769496679306 1648
1743441868619 0.03858640044927597 1649
1743441873921 0.03870512172579765 1650
1743441879239 0.038797527551651 1651
1743441884467 0.03873820602893829 1652
1743441889708 0.03868972137570381 1653
1743441894930 0.0387505404651165 1654
1743441900232 0.03886810690164566 1655
1743441905453 0.039542995393276215 1656
1743441910872 0.03936740756034851 1657
1743441916206 0.03966587781906128 1658
1743441921489 0.03981135040521622 1659
1743441926639 0.03956736624240875 1660
1743441931826 0.03968594968318939 1661
1743441937049 0.04013492166996002 1662
1743441942302 0.04022650420665741 1663
1743441947781 0.04032924771308899 1664
1743441953149 0.040211938321590424 1665
1743441953723 0.04021137207746506 1666
1743441958762 0.04011907801032066 1667
1743441963928 0.039557818323373795 1668
1743441969165 0.03893717750906944 1669
1743441974581 0.03863965719938278 1670
1743441979685 0.03881514444947243 1671
1743441984878 0.03925378620624542 1672
1743441990009 0.03910640999674797 1673
1743441995197 0.038929205387830734 1674
1743442000398 0.039252869784832 1675
1743442002283 0.03931596130132675 1676
1743442007664 0.03912993147969246 1677
1743442013009 0.039117440581321716 1678
1743442018204 0.03915899991989136 1679
1743442023402 0.0388844832777977 1680
1743442023987 0.03888586536049843 1681
1743442029233 0.038864824920892715 1682
1743442034414 0.038864243775606155 1683
1743442034989 0.03886142373085022 1684
1743442040399 0.03875415027141571 1685
1743442045626 0.038209591060876846 1686
1743442050684 0.038542065769433975 1687
1743442055800 0.038714680820703506 1688
1743442060936 0.03859344869852066 1689
1743442066233 0.03830879181623459 1690
1743442071514 0.03826472908258438 1691
1743442076954 0.03811116889119148 1692
1743442081882 0.038025252521038055 1693
1743442087354 0.037536799907684326 1694
1743442087934 0.03753569722175598 1695
1743442093006 0.037519924342632294 1696
1743442094719 0.03746074438095093 1697
1743442100158 0.03738066926598549 1698
1743442105350 0.037055909633636475 1699
1743442105935 0.037056006491184235 1700
1743442111133 0.03701608628034592 1701
1743442116293 0.037514448165893555 1702
1743442121510 0.037262555211782455 1703
1743442126697 0.037017982453107834 1704
1743442131783 0.03752557933330536 1705
1743442137132 0.03786870837211609 1706
1743442142442 0.03783822059631348 1707
1743442147930 0.038034047931432724 1708
1743442153172 0.03851268067955971 1709
1743442158417 0.038421958684921265 1710
1743442163715 0.03818991780281067 1711
1743442169194 0.03765110671520233 1712
1743442174671 0.03734928369522095 1713
1743442179855 0.03702132776379585 1714
1743442184960 0.036647334694862366 1715
1743442190142 0.036463722586631775 1716
1743442192063 0.036401428282260895 1717
1743442197108 0.03624797984957695 1718
1743442200583 0.03636505454778671 1719
1743442206120 0.03630036488175392 1720
1743442211409 0.03620962053537369 1721
1743442213459 0.03629282861948013 1722
1743442218734 0.0366704948246479 1723
1743442224026 0.03721032664179802 1724
1743442229152 0.03736144304275513 1725
1743442234504 0.037451501935720444 1726
1743442239857 0.03679026663303375 1727
1743442245194 0.03691637143492699 1728
1743442250537 0.03716406226158142 1729
1743442255803 0.03710947185754776 1730
1743442261181 0.03711129352450371 1731
1743442266572 0.036524370312690735 1732
1743442271890 0.03620709106326103 1733
1743442272604 0.036206744611263275 1734
1743442277879 0.03575719892978668 1735
1743442283244 0.03552120923995972 1736
1743442284190 0.035452939569950104 1737
1743442289516 0.03498484194278717 1738
1743442294741 0.03486562520265579 1739
1743442299871 0.034828588366508484 1740
1743442305409 0.03535870835185051 1741
1743442306088 0.03536904603242874 1742
1743442311142 0.03573296219110489 1743
1743442312922 0.0357234962284565 1744
1743442318268 0.035838622599840164 1745
1743442323601 0.03594004362821579 1746
1743442328794 0.035384565591812134 1747
1743442334327 0.03523372486233711 1748
1743442339754 0.03542304039001465 1749
1743442344899 0.03603894263505936 1750
1743442345483 0.036037106066942215 1751
1743442350847 0.03586558252573013 1752
1743442356032 0.035508010536432266 1753
1743442356736 0.03550715371966362 1754
1743442361926 0.03572286665439606 1755
1743442367060 0.03554171323776245 1756
1743442369633 0.0354480966925621 1757
1743442374919 0.035381168127059937 1758
1743442375501 0.03538254275918007 1759
1743442377107 0.035364292562007904 1760
1743442378928 0.035318244248628616 1761
1743442384336 0.03541688248515129 1762
1743442389514 0.035714682191610336 1763
1743442394927 0.035819895565509796 1764
1743442400378 0.03606659546494484 1765
1743442405617 0.03630981594324112 1766
1743442410821 0.036417338997125626 1767
1743442412565 0.03640914335846901 1768
1743442418077 0.03594246134161949 1769
1743442423637 0.03552846238017082 1770
1743442428901 0.03560647740960121 1771
1743442429483 0.035608403384685516 1772
1743442434674 0.03567266836762428 1773
1743442440116 0.035920631140470505 1774
1743442445524 0.03596377745270729 1775
1743442450763 0.036190133541822433 1776
1743442456093 0.036132946610450745 1777
1743442461320 0.03628227859735489 1778
1743442466573 0.03623252362012863 1779
1743442468486 0.03632102906703949 1780
1743442473769 0.03653707727789879 1781
1743442478973 0.03671221435070038 1782
1743442479862 0.03671089932322502 1783
1743442485197 0.036831084638834 1784
1743442490604 0.03705011308193207 1785
1743442496010 0.037338849157094955 1786
1743442501249 0.037535205483436584 1787
1743442506646 0.03763185441493988 1788
1743442510787 0.03738781064748764 1789
1743442516282 0.03706539049744606 1790
1743442521525 0.037222038954496384 1791
1743442526849 0.03689756616950035 1792
1743442532372 0.03623174503445625 1793
1743442537802 0.03544927388429642 1794
1743442542938 0.03546997904777527 1795
1743442548376 0.03539881855249405 1796
1743442554001 0.03531064838171005 1797
1743442559321 0.035229165107011795 1798
1743442564618 0.035107024013996124 1799
1743442569935 0.03495761752128601 1800
1743442575403 0.03492436930537224 1801
1743442580613 0.0350189208984375 1802
1743442586030 0.0348224863409996 1803
1743442586607 0.03482482582330704 1804
1743442591976 0.03494972735643387 1805
1743442597329 0.03559558838605881 1806
1743442602649 0.035956643521785736 1807
1743442607894 0.036220941692590714 1808
1743442613232 0.035812534391880035 1809
1743442613814 0.035807814449071884 1810
1743442619338 0.03552897647023201 1811
1743442620954 0.03556842356920242 1812
1743442626439 0.035402167588472366 1813
1743442631764 0.035459551960229874 1814
1743442632338 0.03546540066599846 1815
1743442637666 0.03551832213997841 1816
1743442642848 0.035430438816547394 1817
1743442648231 0.03534663841128349 1818
1743442653532 0.035507433116436005 1819
1743442658927 0.03523737192153931 1820
1743442659506 0.03523259237408638 1821
1743442664928 0.03550102561712265 1822
1743442670231 0.03539825975894928 1823
1743442675535 0.035604167729616165 1824
1743442681136 0.03545650094747543 1825
1743442685263 0.03511064127087593 1826
1743442690386 0.03494180366396904 1827
1743442695800 0.034740522503852844 1828
1743442701004 0.03462431952357292 1829
1743442706144 0.03455651178956032 1830
1743442711605 0.03428269550204277 1831
1743442717131 0.03426288813352585 1832
1743442722421 0.03450239822268486 1833
1743442727553 0.0349450521171093 1834
1743442732810 0.034629255533218384 1835
1743442736170 0.03444723039865494 1836
1743442741166 0.03474130854010582 1837
1743442746262 0.034715600311756134 1838
1743442751611 0.0348210334777832 1839
1743442756932 0.03483348712325096 1840
1743442762295 0.03457886353135109 1841
1743442765370 0.034524042159318924 1842
1743442770582 0.03499528393149376 1843
1743442775643 0.03558577597141266 1844
1743442778743 0.03581501916050911 1845
1743442784290 0.0360272154211998 1846
1743442789563 0.03643731400370598 1847
1743442794879 0.03645246848464012 1848
1743442800145 0.03604171797633171 1849
1743442805387 0.03584599494934082 1850
1743442810605 0.035949744284152985 1851
1743442815931 0.03554011881351471 1852
1743442821414 0.035008836537599564 1853
1743442826903 0.034711889922618866 1854
1743442832274 0.03472032770514488 1855
1743442837898 0.03444954752922058 1856
1743442843333 0.03406797721982002 1857
1743442848628 0.03393261879682541 1858
1743442854226 0.03387434035539627 1859
1743442859565 0.03411761671304703 1860
1743442864761 0.03403492644429207 1861
1743442869988 0.033894747495651245 1862
1743442875353 0.03393243998289108 1863
1743442880568 0.03412918001413345 1864
1743442885859 0.0344652384519577 1865
1743442891358 0.03438955917954445 1866
1743442896602 0.033953968435525894 1867
1743442897455 0.03394554927945137 1868
1743442902616 0.033548351377248764 1869
1743442907967 0.03325561061501503 1870
1743442913407 0.03318063169717789 1871
1743442918442 0.03322100266814232 1872
1743442923604 0.03355564922094345 1873
1743442928989 0.033859699964523315 1874
1743442934408 0.03378207981586456 1875
1743442939701 0.03431324660778046 1876
1743442945037 0.03452837094664574 1877
1743442950289 0.03445272520184517 1878
1743442955557 0.03413965180516243 1879
1743442960779 0.03363869711756706 1880
1743442966081 0.03356855362653732 1881
1743442971334 0.033729832619428635 1882
1743442976551 0.0338335856795311 1883
1743442978137 0.03382362425327301 1884
1743442983263 0.03333434835076332 1885
1743442988548 0.03277001157402992 1886
1743442993800 0.032634470611810684 1887
1743442999147 0.032550569623708725 1888
1743443004353 0.03287477791309357 1889
1743443009455 0.03316883370280266 1890
1743443014548 0.03305397927761078 1891
1743443019573 0.033162008970975876 1892
1743443024831 0.03368483483791351 1893
1743443030235 0.03391065448522568 1894
1743443035514 0.03380743786692619 1895
1743443040752 0.03384123370051384 1896
1743443041391 0.03382660076022148 1897
1743443042990 0.03380349650979042 1898
1743443048367 0.03354316204786301 1899
1743443053430 0.033769961446523666 1900
1743443058730 0.033858660608530045 1901
1743443064116 0.0338757187128067 1902
1743443069316 0.034456897526979446 1903
1743443074554 0.0345703661441803 1904
1743443079584 0.034675050526857376 1905
1743443084846 0.034344837069511414 1906
1743443086762 0.03425377234816551 1907
1743443088315 0.03421684727072716 1908
1743443093725 0.03433086350560188 1909
1743443097844 0.034641772508621216 1910
1743443103161 0.0344751812517643 1911
1743443108449 0.03413666412234306 1912
1743443113880 0.034245312213897705 1913
1743443119163 0.03382045030593872 1914
1743443125398 0.033718012273311615 1915
1743443130747 0.03392159566283226 1916
1743443135910 0.03434428200125694 1917
1743443141005 0.03449220955371857 1918
1743443146262 0.03479382023215294 1919
1743443148211 0.03479009494185448 1920
1743443153536 0.034897226840257645 1921
1743443154121 0.034898411482572556 1922
1743443159426 0.03472752869129181 1923
1743443164585 0.034397192299366 1924
1743443169817 0.03470221906900406 1925
1743443175193 0.034729406237602234 1926
1743443176956 0.034704700112342834 1927
1743443182153 0.03467098996043205 1928
1743443187321 0.03492550179362297 1929
1743443192889 0.035018790513277054 1930
1743443198169 0.03524414449930191 1931
1743443203488 0.03514765202999115 1932
1743443208793 0.03531992807984352 1933
1743443213882 0.03534293919801712 1934
1743443219232 0.03580613434314728 1935
1743443224629 0.03612099960446358 1936
1743443230112 0.03643416985869408 1937
1743443235383 0.03594568371772766 1938
1743443240468 0.03580505773425102 1939
1743443245626 0.03572329133749008 1940
1743443246201 0.035723838955163956 1941
1743443251540 0.036157697439193726 1942
1743443256859 0.03717118129134178 1943
1743443262168 0.03760097548365593 1944
1743443267547 0.03771308809518814 1945
1743443272764 0.0377686507999897 1946
1743443277939 0.03717460855841637 1947
1743443283138 0.036857713013887405 1948
1743443288319 0.03709431737661362 1949
1743443293624 0.037149783223867416 1950
1743443298935 0.037201784551143646 1951
1743443304134 0.03746102750301361 1952
1743443304713 0.03745764493942261 1953
1743443306538 0.03743019327521324 1954
1743443311724 0.037298865616321564 1955
1743443317024 0.037561867386102676 1956
1743443319760 0.03779453784227371 1957
1743443325304 0.03778434917330742 1958
1743443330502 0.03775450587272644 1959
1743443335789 0.03738143667578697 1960
1743443336367 0.03738526999950409 1961
1743443341662 0.03762880340218544 1962
1743443343609 0.03772770240902901 1963
1743443348781 0.038121409714221954 1964
1743443354124 0.038288701325654984 1965
1743443359466 0.03833085298538208 1966
1743443364642 0.038736600428819656 1967
1743443369906 0.03886769711971283 1968
1743443372030 0.03885231912136078 1969
1743443373686 0.03881964460015297 1970
1743443379061 0.038726210594177246 1971
1743443384352 0.0392233245074749 1972
1743443389707 0.0397019162774086 1973
1743443394887 0.039752211421728134 1974
1743443400003 0.04019726440310478 1975
1743443403567 0.040279652923345566 1976
1743443408573 0.04031999781727791 1977
1743443413671 0.04097406938672066 1978
1743443419023 0.041156087070703506 1979
1743443424225 0.04103676602244377 1980
1743443429379 0.04077906906604767 1981
1743443434598 0.04069644212722778 1982
1743443439867 0.04054733365774155 1983
1743443445091 0.040315691381692886 1984
1743443450350 0.040304023772478104 1985
1743443456001 0.0402788482606411 1986
1743443457630 0.04026418551802635 1987
1743443463019 0.04040532559156418 1988
1743443468306 0.04045303165912628 1989
1743443473569 0.03985823690891266 1990
1743443478825 0.03960490971803665 1991
1743443483969 0.039526283740997314 1992
1743443489362 0.03963377699255943 1993
1743443489936 0.03963978588581085 1994
1743443495297 0.03962460905313492 1995
1743443495883 0.03962760418653488 1996
1743443501151 0.03993445634841919 1997
1743443506485 0.0401952788233757 1998
1743443507234 0.040201492607593536 1999
1743443512660 0.040279172360897064 2000
1743443517876 0.040165018290281296 2001
1743443523370 0.04043665900826454 2002
1743443528613 0.04068170487880707 2003
1743443533904 0.04160838574171066 2004
1743443539366 0.041773125529289246 2005
1743443544493 0.041982248425483704 2006
1743443549940 0.04249657317996025 2007
1743443555312 0.04314552620053291 2008
1743443560538 0.04314956068992615 2009
1743443565926 0.04340662807226181 2010
1743443571221 0.04355558753013611 2011
1743443576275 0.04377540946006775 2012
1743443581338 0.04457825422286987 2013
1743443586857 0.04479329288005829 2014
1743443592177 0.044519346207380295 2015
1743443597310 0.04429580271244049 2016
1743443602682 0.044115714728832245 2017
1743443608084 0.04348062351346016 2018
1743443613268 0.0432184599339962 2019
1743443618548 0.04224459081888199 2020
1743443624081 0.04195050150156021 2021
1743443629394 0.04210676997900009 2022
1743443634759 0.04224680736660957 2023
1743443640023 0.04185795783996582 2024
1743443645175 0.04187717288732529 2025
1743443650688 0.042178407311439514 2026
1743443655813 0.042085252702236176 2027
1743443661030 0.04237060621380806 2028
1743443661607 0.04236733168363571 2029
1743443666702 0.04231730103492737 2030
1743443671907 0.042502205818891525 2031
1743443677104 0.042618706822395325 2032
1743443682118 0.04256381839513779 2033
1743443687017 0.04291091114282608 2034
1743443692616 0.043236009776592255 2035
1743443697760 0.0435541532933712 2036
1743443703171 0.04423973709344864 2037
1743443708555 0.043870676308870316 2038
1743443713732 0.0442856028676033 2039
1743443718915 0.04447676241397858 2040
1743443720625 0.044457826763391495 2041
1743443726008 0.04499567300081253 2042
1743443726587 0.04499877616763115 2043
1743443731687 0.04498247057199478 2044
1743443736799 0.04517247527837753 2045
1743443741944 0.045215971767902374 2046
1743443747107 0.04493230581283569 2047
1743443752466 0.04452640563249588 2048
1743443757551 0.044396255165338516 2049
1743443762910 0.04473681002855301 2050
1743443767959 0.04545623064041138 2051
1743443769546 0.04554963856935501 2052
1743443774593 0.04630675166845322 2053
1743443779678 0.046583693474531174 2054
1743443785099 0.046806901693344116 2055
1743443790109 0.04693891480565071 2056
1743443791776 0.046923551708459854 2057
1743443797003 0.0471968948841095 2058
1743443802314 0.047212354838848114 2059
1743443807523 0.04750416427850723 2060
1743443812636 0.04798086732625961 2061
1743443817765 0.04824221506714821 2062
1743443823158 0.048647064715623856 2063
1743443828565 0.04908287525177002 2064
1743443830742 0.049135155975818634 2065
1743443835790 0.04981551691889763 2066
1743443836364 0.049818333238363266 2067
1743443841463 0.049835510551929474 2068
1743443846753 0.04977262392640114 2069
1743443852210 0.05065891519188881 2070
1743443857478 0.05010802298784256 2071
1743443862712 0.05015627294778824 2072
1743443868190 0.05050519108772278 2073
1743443873548 0.049972064793109894 2074
1743443878886 0.05025998875498772 2075
1743443879455 0.0502590537071228 2076
1743443884841 0.05033436045050621 2077
1743443885406 0.05033022165298462 2078
1743443890670 0.05020060017704964 2079
1743443892616 0.05026104301214218 2080
1743443897806 0.049852896481752396 2081
1743443902925 0.04974808916449547 2082
1743443904623 0.04977356269955635 2083
1743443909782 0.050868283957242966 2084
1743443915309 0.05071350187063217 2085
1743443920509 0.05048222094774246 2086
1743443925728 0.0510493740439415 2087
1743443931041 0.05142461881041527 2088
1743443936271 0.051393426954746246 2089
1743443941712 0.05202098190784454 2090
1743443947004 0.052560869604349136 2091
1743443952031 0.053041428327560425 2092
1743443957174 0.05251406133174896 2093
1743443962188 0.05190872400999069 2094
1743443967349 0.051246389746665955 2095
1743443972425 0.05078057944774628 2096
1743443977711 0.05015326291322708 2097
1743443983076 0.04999803006649017 2098
1743443988459 0.049807097762823105 2099
1743443993714 0.04994841665029526 2100
1743443998919 0.049589384347200394 2101
1743444004047 0.04984413832426071 2102
1743444005664 0.049805648624897 2103
1743444010726 0.05012795329093933 2104
1743444015906 0.050065331161022186 2105
1743444021123 0.04910096153616905 2106
1743444021956 0.049074042588472366 2107
1743444027199 0.048385705798864365 2108
1743444032321 0.048715636134147644 2109
1743444037515 0.04903887212276459 2110
1743444042977 0.049573615193367004 2111
1743444048357 0.04995681345462799 2112
1743444053384 0.04990801960229874 2113
1743444058527 0.049585919827222824 2114
1743444063752 0.050384871661663055 2115
1743444065972 0.05047513172030449 2116
1743444071194 0.05084824189543724 2117
1743444076237 0.05017835646867752 2118
1743444081758 0.04937468469142914 2119
1743444087099 0.048838838934898376 2120
1743444092346 0.048724837601184845 2121
1743444097421 0.04887441173195839 2122
1743444102580 0.04937296360731125 2123
1743444107712 0.05004739388823509 2124
1743444112986 0.05018047243356705 2125
1743444118535 0.05119755119085312 2126
1743444123733 0.05107136070728302 2127
1743444128796 0.05074748769402504 2128
1743444133934 0.05162150785326958 2129
1743444139035 0.05199772119522095 2130
1743444144076 0.051941677927970886 2131
1743444149376 0.052496545016765594 2132
1743444154926 0.052575405687093735 2133
1743444160131 0.05212460085749626 2134
1743444165436 0.05258486047387123 2135
1743444170693 0.05257154628634453 2136
1743444175726 0.05226574465632439 2137
1743444180859 0.0515289381146431 2138
1743444184284 0.05138661339879036 2139
1743444189340 0.05140985921025276 2140
1743444191262 0.05133010447025299 2141
1743444196473 0.05167141556739807 2142
1743444201725 0.05281329154968262 2143
1743444207118 0.053937528282403946 2144
1743444212111 0.05445937439799309 2145
1743444214008 0.05465470626950264 2146
1743444219331 0.05552598461508751 2147
1743444224393 0.0566280223429203 2148
1743444229565 0.057206686586141586 2149
1743444234612 0.05703703686594963 2150
1743444239660 0.057154662907123566 2151
1743444244893 0.057004574686288834 2152
1743444250138 0.057456281036138535 2153
1743444255365 0.05869734659790993 2154
1743444260480 0.058804951608181 2155
1743444265514 0.058953795582056046 2156
1743444270429 0.05926258862018585 2157
1743444271003 0.05926511809229851 2158
1743444276262 0.060524411499500275 2159
1743444281527 0.061573877930641174 2160
1743444282258 0.061586007475852966 2161
1743444287382 0.062024280428886414 2162
1743444292604 0.0630813017487526 2163
1743444297694 0.06357681006193161 2164
1743444302991 0.06341162323951721 2165
1743444308021 0.06300603598356247 2166
1743444313242 0.06348533928394318 2167
1743444318417 0.06353848427534103 2168
1743444320256 0.063509501516819 2169
1743444325420 0.06379944086074829 2170
1743444330503 0.06418368220329285 2171
1743444335628 0.06396795809268951 2172
1743444340851 0.06402978301048279 2173
1743444346196 0.06402266025543213 2174
1743444351622 0.06497831642627716 2175
1743444352204 0.06498759239912033 2176
1743444357336 0.06538761407136917 2177
1743444362527 0.06506768614053726 2178
1743444367875 0.06520514190196991 2179
1743444373247 0.06592518836259842 2180
1743444373896 0.06594149023294449 2181
1743444379171 0.06649129092693329 2182
1743444384218 0.06681278347969055 2183
1743444389481 0.06736533343791962 2184
1743444394752 0.06771313399076462 2185
1743444399892 0.06791823357343674 2186
1743444405071 0.06793057173490524 2187
1743444410301 0.06750550121068954 2188
1743444415570 0.06766635179519653 2189
1743444420679 0.06758365780115128 2190
1743444425862 0.06829019635915756 2191
1743444430981 0.06782451272010803 2192
1743444436250 0.06700122356414795 2193
1743444441381 0.06690385192632675 2194
1743444442098 0.06691130250692368 2195
1743444447231 0.06681139767169952 2196
1743444452614 0.06628987193107605 2197
1743444457624 0.06628716737031937 2198
1743444462614 0.06621742993593216 2199
1743444465152 0.0663214698433876 2200
1743444470257 0.06672942638397217 2201
1743444475488 0.06704255938529968 2202
1743444480751 0.06705867499113083 2203
1743444486004 0.06703054159879684 2204
1743444491007 0.06718645989894867 2205
1743444496276 0.06721968948841095 2206
1743444501420 0.06692813336849213 2207
1743444506618 0.06608559191226959 2208
1743444511801 0.06510957330465317 2209
1743444517378 0.0643480122089386 2210
1743444522371 0.06390311568975449 2211
1743444527691 0.06403347849845886 2212
1743444532898 0.06420740485191345 2213
1743444538218 0.06352371722459793 2214
1743444543530 0.06260628998279572 2215
1743444548721 0.06356728821992874 2216
1743444554080 0.06374634802341461 2217
1743444554658 0.06374155730009079 2218
1743444559839 0.06441320478916168 2219
1743444564940 0.06511349976062775 2220
1743444570051 0.06663497537374496 2221
1743444575290 0.06808527559041977 2222
1743444580632 0.06918203085660934 2223
1743444585807 0.07074856758117676 2224
1743444591090 0.0711435079574585 2225
1743444596367 0.07212947309017181 2226
1743444598941 0.07234267145395279 2227
1743444604143 0.07280915230512619 2228
1743444609334 0.07442173361778259 2229
1743444614498 0.07572775334119797 2230
1743444619908 0.07624052464962006 2231
1743444625146 0.07598279416561127 2232
1743444630650 0.07586072385311127 2233
1743444635996 0.07577045261859894 2234
1743444641076 0.0769207552075386 2235
1743444646289 0.07725444436073303 2236
1743444651583 0.07794374972581863 2237
1743444656795 0.0780668705701828 2238
1743444662285 0.07835116982460022 2239
1743444662863 0.07834536582231522 2240
1743444668071 0.07893475890159607 2241
1743444673140 0.07913622260093689 2242
1743444678389 0.07883739471435547 2243
1743444683367 0.07937677204608917 2244
1743444688587 0.07912717759609222 2245
1743444693912 0.07935632765293121 2246
1743444699464 0.07988626509904861 2247
1743444704950 0.08066987991333008 2248
1743444710361 0.08094654232263565 2249
1743444715798 0.08022220432758331 2250
1743444721046 0.08097252249717712 2251
1743444726564 0.08184394985437393 2252
1743444728977 0.08165673911571503 2253
1743444734272 0.08184488862752914 2254
1743444734847 0.08185571432113647 2255
1743444739949 0.08275562524795532 2256
1743444745115 0.08429911732673645 2257
1743444750160 0.08475767821073532 2258
1743444755593 0.08463873714208603 2259
1743444761077 0.08551444858312607 2260
1743444766239 0.08555178344249725 2261
1743444771532 0.0851382166147232 2262
1743444776762 0.08562904596328735 2263
1743444777349 0.08563093841075897 2264
1743444782495 0.08520592004060745 2265
1743444787868 0.0861542671918869 2266
1743444792948 0.08547201007604599 2267
1743444798164 0.08603017032146454 2268
1743444803395 0.08692312985658646 2269
1743444808494 0.0875752866268158 2270
1743444813787 0.08852678537368774 2271
1743444819093 0.08908967673778534 2272
1743444824674 0.09002283215522766 2273
1743444825258 0.09001235663890839 2274
1743444830534 0.09123356640338898 2275
1743444835901 0.09110701084136963 2276
1743444840998 0.09127059578895569 2277
1743444842768 0.09131589531898499 2278
1743444848162 0.09077915549278259 2279
1743444853341 0.09030047804117203 2280
1743444858661 0.09026437997817993 2281
1743444863903 0.09104786813259125 2282
1743444869090 0.09001484513282776 2283
1743444874446 0.0899905115365982 2284
1743444879426 0.08945241570472717 2285
1743444884677 0.09083713591098785 2286
1743444890100 0.09227904677391052 2287
1743444895240 0.09424613416194916 2288
1743444900352 0.09564463049173355 2289
1743444905510 0.09672410041093826 2290
1743444910663 0.09865398705005646 2291
1743444915725 0.10101141780614853 2292
1743444920931 0.10263784229755402 2293
1743444926250 0.10342426598072052 2294
1743444931591 0.10375254601240158 2295
1743444936814 0.104242242872715 2296
1743444942147 0.10434175282716751 2297
1743444947219 0.10424140095710754 2298
1743444952549 0.10441434383392334 2299
1743444958127 0.1053696796298027 2300
1743444963599 0.10661573708057404 2301
1743444968642 0.1079162135720253 2302
1743444971527 0.10862927883863449 2303
1743444976732 0.1099536195397377 2304
1743444982046 0.10985566675662994 2305
1743444987104 0.11124894767999649 2306
1743444992364 0.11226383596658707 2307
1743444997435 0.11102449148893356 2308
1743445002726 0.1115957498550415 2309
1743445007860 0.11346326023340225 2310
1743445012938 0.11551716178655624 2311
1743445013511 0.11552239954471588 2312
1743445015085 0.11554603278636932 2313
1743445020263 0.11790694296360016 2314
1743445025568 0.11835648119449615 2315
1743445030764 0.11907307803630829 2316
1743445035844 0.12006372958421707 2317
1743445041091 0.12132246792316437 2318
1743445046140 0.12005224823951721 2319
1743445052433 0.11874492466449738 2320
1743445057584 0.11670408397912979 2321
1743445063050 0.11386656016111374 2322
1743445068232 0.11254246532917023 2323
1743445073408 0.1129550188779831 2324
1743445078415 0.11269909143447876 2325
1743445083718 0.11389219015836716 2326
1743445088861 0.1157631203532219 2327
1743445093895 0.11647573113441467 2328
1743445099319 0.11669342964887619 2329
1743445104568 0.11641215533018112 2330
1743445109539 0.11748555302619934 2331
1743445114733 0.11896631866693497 2332
1743445119966 0.1190132424235344 2333
1743445125100 0.11937179416418076 2334
1743445130517 0.12021651118993759 2335
1743445135560 0.12142815440893173 2336
1743445140788 0.12270131707191467 2337
1743445146151 0.12310243397951126 2338
1743445151368 0.12420248240232468 2339
1743445156439 0.1255917251110077 2340
1743445161650 0.12475413084030151 2341
1743445166739 0.1259821653366089 2342
1743445172157 0.12671416997909546 2343
1743445177796 0.12723717093467712 2344
1743445183064 0.12630106508731842 2345
1743445188348 0.1265937089920044 2346
1743445193834 0.12767036259174347 2347
1743445199007 0.1268828809261322 2348
1743445204224 0.12800832092761993 2349
1743445209676 0.1261446475982666 2350
1743445214927 0.12710891664028168 2351
1743445220432 0.1270928829908371 2352
1743445225744 0.1261669248342514 2353
1743445231012 0.12647680938243866 2354
1743445236305 0.1266845017671585 2355
1743445241684 0.12699292600154877 2356
1743445247185 0.1269674301147461 2357
1743445252424 0.1273147612810135 2358
1743445257499 0.126711905002594 2359
1743445262771 0.12687183916568756 2360
1743445268128 0.12685920298099518 2361
1743445273543 0.12718559801578522 2362
1743445278898 0.12748287618160248 2363
1743445284075 0.1268286257982254 2364
1743445289401 0.1263815313577652 2365
1743445289979 0.12640264630317688 2366
1743445295166 0.1261863261461258 2367
1743445300346 0.12669959664344788 2368
1743445305646 0.12821941077709198 2369
1743445310816 0.13069789111614227 2370
1743445316226 0.13117392361164093 2371
1743445321373 0.13166387379169464 2372
1743445326636 0.13176241517066956 2373
1743445331778 0.13078176975250244 2374
1743445337048 0.1326722353696823 2375
1743445342260 0.13400423526763916 2376
1743445347379 0.1361600160598755 2377
1743445352837 0.13959628343582153 2378
1743445357922 0.14265631139278412 2379
1743445362989 0.1446501910686493 2380
1743445368062 0.14636221528053284 2381
1743445373172 0.14939554035663605 2382
1743445378267 0.15313705801963806 2383
1743445383326 0.15566790103912354 2384
1743445388624 0.15739640593528748 2385
1743445393697 0.1583838164806366 2386
1743445398937 0.1609421968460083 2387
1743445404335 0.16144904494285583 2388
1743445409408 0.16114865243434906 2389
1743445414597 0.1618465781211853 2390
1743445419849 0.16483545303344727 2391
1743445424992 0.16556908190250397 2392
1743445430261 0.16699495911598206 2393
1743445435442 0.16715827584266663 2394
1743445440719 0.16693183779716492 2395
1743445446147 0.1664413958787918 2396
1743445451475 0.16772699356079102 2397
1743445456606 0.16843979060649872 2398
1743445462176 0.16854622960090637 2399
1743445462759 0.16855481266975403 2400
1743445468142 0.17015700042247772 2401
1743445473415 0.17290501296520233 2402
1743445478526 0.17536784708499908 2403
1743445483666 0.1780504584312439 2404
1743445488713 0.17929954826831818 2405
1743445493952 0.17948627471923828 2406
1743445499205 0.18076463043689728 2407
1743445504283 0.18141579627990723 2408
1743445506607 0.18129602074623108 2409
1743445511677 0.18290579319000244 2410
1743445513649 0.1831912249326706 2411
1743445518871 0.18468639254570007 2412
1743445524139 0.18732216954231262 2413
1743445529282 0.19031301140785217 2414
1743445534603 0.19190911948680878 2415
1743445540134 0.19346344470977783 2416
1743445546454 0.193203866481781 2417
1743445551889 0.19128796458244324 2418
1743445557413 0.18982014060020447 2419
1743445562599 0.18915849924087524 2420
1743445567861 0.1916869580745697 2421
1743445573075 0.1925395280122757 2422
1743445578363 0.19353646039962769 2423
1743445578956 0.19353248178958893 2424
1743445584166 0.1946447789669037 2425
1743445589553 0.19835427403450012 2426
1743445594758 0.20066207647323608 2427
1743445599981 0.2020057886838913 2428
1743445605196 0.20362630486488342 2429
1743445610466 0.20448827743530273 2430
1743445615643 0.20448926091194153 2431
1743445620705 0.20375874638557434 2432
1743445626198 0.20288339257240295 2433
1743445631384 0.20228999853134155 2434
1743445636861 0.20368649065494537 2435
1743445642200 0.20532962679862976 2436
1743445647506 0.20769871771335602 2437
1743445652974 0.2093317210674286 2438
1743445658161 0.21392083168029785 2439
1743445663316 0.2158258706331253 2440
1743445668655 0.21699586510658264 2441
1743445674265 0.21840417385101318 2442
1743445679352 0.22169698774814606 2443
1743445684548 0.22362910211086273 2444
1743445689585 0.2216673344373703 2445
1743445694657 0.22217610478401184 2446
1743445700158 0.22329506278038025 2447
1743445705352 0.22562089562416077 2448
1743445710519 0.22536109387874603 2449
1743445715788 0.22568245232105255 2450
1743445716372 0.22568820416927338 2451
1743445716953 0.2256813496351242 2452
1743445722156 0.22627699375152588 2453
1743445727183 0.22973071038722992 2454
1743445732716 0.2315223515033722 2455
1743445738023 0.2331414520740509 2456
1743445743085 0.2360210120677948 2457
1743445748274 0.2359236627817154 2458
1743445753318 0.23543111979961395 2459
1743445758576 0.23446562886238098 2460
1743445763719 0.23527875542640686 2461
1743445769250 0.2361161708831787 2462
1743445774441 0.23777714371681213 2463
1743445779561 0.23934687674045563 2464
1743445784860 0.24227075278759003 2465
1743445790135 0.24535609781742096 2466
1743445795452 0.24870508909225464 2467
1743445800653 0.24908044934272766 2468
1743445806085 0.25048181414604187 2469
1743445811394 0.25169774889945984 2470
1743445816480 0.2557949125766754 2471
1743445821667 0.2592638432979584 2472
1743445823847 0.25886988639831543 2473
1743445828936 0.26039230823516846 2474
1743445834376 0.2633950710296631 2475
1743445839664 0.26894670724868774 2476
1743445845053 0.2731623649597168 2477
1743445850286 0.2714598476886749 2478
1743445855531 0.270187646150589 2479
1743445860763 0.2721336781978607 2480
1743445866022 0.2766547203063965 2481
1743445871150 0.28103169798851013 2482
1743445871877 0.28107351064682007 2483
1743445877230 0.2855469584465027 2484
1743445882815 0.2913503348827362 2485
1743445888095 0.29453110694885254 2486
1743445893256 0.29908648133277893 2487
1743445898278 0.29933980107307434 2488
1743445903389 0.3024279475212097 2489
1743445904134 0.3024154603481293 2490
1743445909609 0.30527859926223755 2491
1743445915179 0.3088482916355133 2492
1743445921026 0.3113979697227478 2493
