1743431795118 0.0 0
1743431799633 0.0 1
1743431804166 0.0 2
1743431808563 0.0 3
1743431812970 0.0 4
1743431817247 0.0 5
1743431822300 1.1613507708907127 6
1743431828686 0.10516379296779632 7
1743431834866 0.09152184765785933 8
1743431841756 0.11915752083063126 9
1743431848734 0.14733876595273615 10
1743431855198 0.19716268852353097 11
1743431861851 0.2131636819243431 12
1743431862445 0.2144579191505909 13
1743431869156 0.29765696212649345 14
1743431876234 0.317211257815361 15
1743431882533 0.4011868292093277 16
1743431883109 0.4039632070064545 17
1743431884379 0.412648554071784 18
1743431891148 0.48759771410375835 19
1743431897701 0.5135857067257166 20
1743431904524 0.6080109655857087 21
1743431910948 0.604616604745388 22
1743431917945 0.5886019508168101 23
1743431924743 0.5935417784750462 24
1743431931448 0.6381886278837919 25
1743431938076 0.6879405230283737 26
1743431945135 0.8160831135511398 27
1743431945721 0.8117787484079599 28
1743431952091 0.79400894112885 29
1743431958657 0.6657497593760491 30
1743431965223 0.7591590494662523 31
1743431971842 0.8243721498548985 32
1743431979168 0.7935135335475206 33
1743431986216 0.9173014803975821 34
1743431993152 0.9109199717640877 35
1743432000557 0.9512392050772905 36
1743432007591 0.8428856329619885 37
1743432013767 0.9803726110607386 38
1743432020050 0.8107140854746103 39
1743432027262 0.8142240340262652 40
1743432034188 0.7998659185320139 41
1743432040666 0.8290853254497051 42
1743432047851 0.9117715388536454 43
1743432054595 0.9452312198281289 44
1743432061949 0.8349652511626482 45
1743432068754 0.7743289786577224 46
1743432075492 0.7392600620537997 47
1743432082588 0.8338287863880396 48
1743432089345 0.8040024429559708 49
1743432095933 0.7002947211265564 50
1743432103198 0.6808026311546564 51
1743432110141 0.7349761360138655 52
1743432116585 0.7042346058040857 53
1743432123278 0.6897963760793209 54
1743432130074 0.6854275503754615 55
1743432136916 0.5792122665792704 56
1743432143815 0.552197214141488 57
1743432150681 0.5783670929074287 58
1743432157509 0.5869010190665722 59
1743432164265 0.4864744645357132 60
1743432171123 0.4758039063960314 61
1743432177748 0.4103705734014511 62
1743432184274 0.5056140932440758 63
1743432191184 0.40706500291824343 64
1743432198031 0.429842027053237 65
1743432204737 0.43472164660692214 66
1743432211276 0.3175917522236705 67
1743432217895 0.3550366474315524 68
1743432224733 0.34535197041928767 69
1743432231426 0.320869064964354 70
1743432238312 0.2938461524248123 71
1743432245026 0.28029198132455346 72
1743432251692 0.27208486150950195 73
1743432258223 0.2140748267620802 74
1743432265263 0.23078698229044675 75
1743432271960 0.22320076160132885 76
1743432278907 0.18788298450410365 77
1743432285653 0.17641920566558839 78
1743432292634 0.1801484515890479 79
1743432299526 0.18262088809162377 80
1743432306775 0.17302368208765984 81
1743432313527 0.1712579059228301 82
1743432320735 0.16089085567742586 83
1743432327905 0.13360598165541887 84
1743432334991 0.1159769474901259 85
1743432341091 0.1133035091124475 86
1743432347982 0.11202266676351429 87
1743432354849 0.10721742942929267 88
1743432361676 0.08409668739885091 89
1743432368579 0.08542659122496843 90
1743432375322 0.10458037571981549 91
1743432382003 0.06735727690160274 92
1743432382687 0.06738202244043351 93
1743432389287 0.07599967695772648 94
1743432395398 0.05063600242137909 95
1743432401937 0.06808357160538435 96
1743432408554 0.07733734359964728 97
1743432415110 0.05543572451919317 98
1743432422235 0.07403002681210637 99
1743432424233 0.0603286617808044 100
1743432431236 0.08947417177259923 101
1743432438002 0.08638970363885164 102
1743432444475 0.060678497776389125 103
1743432451165 0.08926084729842841 104
1743432457898 0.08059675009921193 105
1743432464624 0.10907399402931332 106
1743432471809 0.0764428898692131 107
1743432479015 0.08493440974503756 108
1743432485771 0.06462009709328413 109
1743432492182 0.07609485486522317 110
1743432498435 0.07874259622767568 111
1743432505257 0.07398180108517409 112
1743432512286 0.07211461691185832 113
1743432519977 0.07475871356204151 114
1743432527112 0.08922238199040294 115
1743432534069 0.09190832028165459 116
1743432536135 0.0943182390742004 117
1743432542478 0.08523840181529523 118
1743432549521 0.09217031115666031 119
1743432555994 0.09877608390524983 120
1743432562506 0.105650943685323 121
1743432569586 0.1048504077643156 122
1743432577571 0.10829068789258599 123
1743432585095 0.12374015565961599 124
1743432591983 0.12400357255712152 125
1743432599620 0.11644774738699198 126
1743432605807 0.12193708721548319 127
1743432612519 0.1464019116014242 128
1743432619365 0.15545900739729404 129
1743432626071 0.14837605023756623 130
1743432632608 0.16293726153671742 131
1743432639334 0.11743312172591686 132
1743432645758 0.1750381137430668 133
1743432652139 0.16823845416307448 134
1743432658879 0.20282989313825964 135
1743432665302 0.17505017610266804 136
1743432672191 0.209120343439281 137
1743432678704 0.17874043926596642 138
1743432685261 0.15920099299401044 139
1743432691663 0.18039356973022222 140
1743432699007 0.20402368251234293 141
1743432705591 0.16308923771604897 142
1743432712304 0.1929661325737834 143
1743432719261 0.2352094490453601 144
1743432725987 0.18857323061674833 145
1743432732896 0.2540724904462695 146
1743432739395 0.19499689452350139 147
1743432745901 0.2581572826579213 148
1743432752208 0.20200856007635593 149
1743432758423 0.2347629690915346 150
1743432764686 0.23889093920588494 151
1743432767005 0.2642818750068545 152
1743432773879 0.20379252146929502 153
1743432780890 0.2507653509452939 154
1743432781465 0.25577069219201803 155
1743432782476 0.24127041932195425 156
1743432789025 0.31040682341903447 157
1743432795518 0.2626847428455949 158
1743432802459 0.2766662049293518 159
1743432809111 0.2398761884123087 160
1743432815814 0.2621875064074993 161
1743432822290 0.2903413052484393 162
1743432828817 0.2837061363086104 163
1743432835180 0.35179770849645137 164
1743432842087 0.26183421425521375 165
1743432848813 0.27341242499649526 166
1743432855498 0.2801277493312955 167
1743432862316 0.2763109812512994 168
1743432868864 0.33202032778412105 169
1743432875644 0.27012868627905845 170
1743432882332 0.2695213965326548 171
1743432889326 0.326215687841177 172
1743432895902 0.25126048147678376 173
1743432902439 0.27485444348305466 174
1743432908993 0.316072637103498 175
1743432915437 0.3303077618032694 176
1743432921641 0.2824319204315543 177
1743432928285 0.30441527560353276 178
1743432934839 0.3138044771924615 179
1743432940955 0.32310176093131304 180
1743432947817 0.3020899534597993 181
1743432954064 0.3711662257090211 182
1743432960416 0.3280498129874468 183
1743432962373 0.33802348479628563 184
1743432969154 0.39241849835962056 185
1743432975835 0.353013081997633 186
1743432982241 0.3536168356984854 187
1743432988770 0.37605930987745523 188
1743432995331 0.3964032030850649 189
1743433002172 0.3277411461248994 190
1743433008831 0.3090624476969242 191
1743433014975 0.30357294119894507 192
1743433021680 0.32622307166457176 193
1743433028000 0.33320465315133335 194
1743433034694 0.3866227031871676 195
1743433041846 0.3983332348242402 196
1743433042416 0.39706082168966533 197
1743433048992 0.34780777353793385 198
1743433050888 0.3399624598398805 199
1743433057451 0.3265272437408566 200
1743433064134 0.3767313011735678 201
1743433070775 0.3708991536870599 202
1743433074656 0.36935935620218513 203
1743433080994 0.3718790662661195 204
1743433081584 0.3714135966077447 205
1743433088283 0.3632493594288826 206
1743433095006 0.3424214053526521 207
1743433096887 0.3312862250581384 208
1743433103481 0.401328070089221 209
1743433109733 0.37450754329562186 210
1743433116232 0.4422701364010572 211
1743433122824 0.35797213174402714 212
1743433129316 0.4364371533319354 213
1743433129898 0.430223442427814 214
1743433136608 0.5100966276228428 215
1743433142911 0.3898412030190229 216
1743433144775 0.40881745785474777 217
1743433151460 0.4621356222778559 218
1743433157798 0.4200735042989254 219
1743433164224 0.455495064407587 220
1743433170796 0.4507260309159756 221
1743433177131 0.40567458361387254 222
1743433183665 0.40327307272702456 223
1743433184248 0.40468757536262273 224
1743433190901 0.42721933741122486 225
1743433197382 0.4802551721781492 226
1743433204163 0.385807233043015 227
1743433210751 0.4507962512224913 228
1743433217336 0.5025231736153364 229
1743433217901 0.5076538767665625 230
1743433224155 0.5133146291226148 231
1743433230748 0.39640876326709984 232
1743433237237 0.35255603574216365 233
1743433244112 0.5106652358174324 234
1743433244691 0.5067168927192688 235
1743433251015 0.47143719337880613 236
1743433257704 0.424573757648468 237
1743433263967 0.4433463963866234 238
1743433270756 0.44496337898075583 239
1743433277251 0.5154257234185934 240
1743433283416 0.430238398835063 241
1743433289772 0.4040051973611116 242
1743433290346 0.4065876428037882 243
1743433296557 0.38792170528322456 244
1743433303122 0.45712156370282175 245
1743433303909 0.4309226482361555 246
1743433310107 0.36396674521267414 247
1743433316540 0.4297952114790678 248
1743433323197 0.4070002057403326 249
1743433329548 0.39884949296712874 250
1743433335764 0.4289811984449625 251
1743433342496 0.3992230622470379 252
1743433348962 0.41952146582305433 253
1743433355645 0.414008799418807 254
1743433362048 0.3568532397225499 255
1743433368646 0.4586477717012167 256
1743433375349 0.4311125925183296 257
1743433381929 0.3918784851580858 258
1743433388387 0.40291081488132474 259
1743433394913 0.41707121923565865 260
1743433401097 0.4218923555314541 261
1743433407477 0.4378548196703196 262
1743433413957 0.3980533979088068 263
1743433420566 0.35044661082327366 264
1743433427262 0.46231096997857096 265
1743433433471 0.4575186287611723 266
1743433439744 0.4140128832310438 267
1743433446285 0.38409867875278 268
1743433452762 0.4140651453286409 269
1743433459333 0.4014738865196705 270
1743433466128 0.3861600574851036 271
1743433473134 0.4390963620692492 272
1743433479963 0.40967641487717626 273
1743433486921 0.42490467615425587 274
1743433493845 0.43535293839871886 275
1743433500412 0.46032495588064193 276
1743433507200 0.39487665057182314 277
1743433514033 0.4636445041000843 278
1743433520919 0.43378332927823066 279
1743433527603 0.44323874652385714 280
1743433534436 0.4127473767101765 281
1743433540910 0.40836958415806296 282
1743433547615 0.4013165706396103 283
1743433554111 0.42602452121675016 284
1743433560930 0.49714814610779284 285
1743433567262 0.3959079776704311 286
1743433574093 0.41392047591507436 287
1743433581025 0.37348619036376474 288
1743433588108 0.43280720099806785 289
1743433595003 0.45867297664284706 290
1743433596027 0.4841412828117609 291
1743433602812 0.45388269022107125 292
1743433609547 0.46016793452203275 293
1743433616544 0.47664867527782917 294
1743433623313 0.4539710137993097 295
1743433630002 0.48020539291203024 296
1743433630580 0.4785667593032122 297
1743433636935 0.3925115611404181 298
1743433643366 0.43130597911775115 299
1743433649955 0.46562321729958056 300
1743433656536 0.3922367449104786 301
1743433663166 0.44849753998219966 302
1743433669743 0.41205193229019643 303
1743433676116 0.39443004854023456 304
1743433682753 0.48090346954762936 305
1743433683331 0.4807308154553175 306
1743433689619 0.3931128998845816 307
1743433696318 0.4418386160582304 308
1743433702775 0.3897368424385786 309
1743433709503 0.4255733875930309 310
1743433712292 0.3952436902374029 311
1743433719266 0.40180918358266354 312
1743433725959 0.4300730587542057 313
1743433732697 0.3725720479339361 314
1743433739102 0.43026083178818225 315
1743433740128 0.4309673625975847 316
1743433740715 0.4354814542084932 317
1743433747121 0.48239565059542655 318
1743433753722 0.43457332022488115 319
1743433760139 0.4513882265239954 320
1743433766823 0.43343196988105775 321
1743433773165 0.4292242989689112 322
1743433779432 0.38112506426870824 323
1743433786142 0.4070784296095371 324
1743433792274 0.4319457881897688 325
1743433798598 0.43707737140357494 326
1743433805628 0.35983811438083646 327
1743433812202 0.3668192474544048 328
1743433818631 0.3587968784570694 329
1743433825268 0.43163040906190875 330
1743433832005 0.3583368213474751 331
1743433832587 0.3541436059772968 332
1743433839350 0.40408723168075084 333
1743433846039 0.38136335022747514 334
1743433852596 0.4516708964854479 335
1743433859358 0.35541007839143274 336
1743433865843 0.37615695759654044 337
1743433872704 0.3729974126070738 338
1743433879247 0.37340444296598435 339
1743433879926 0.3771506360173225 340
1743433886572 0.45921185150742533 341
1743433892667 0.4196215648204088 342
1743433899342 0.3838559294492006 343
1743433906221 0.38907837867736816 344
1743433912930 0.41436382129788396 345
1743433913509 0.41287608578801155 346
1743433920167 0.43923212923109534 347
1743433926657 0.3778207515180111 348
1743433933363 0.37032798886299134 349
1743433940109 0.4124386474490166 350
1743433946855 0.4356843538582325 351
1743433953211 0.4051802767068148 352
1743433960145 0.4113862702995539 353
1743433967017 0.4157817267626524 354
1743433973394 0.4313703112304211 355
1743433979994 0.42444859065115453 356
1743433986717 0.40170521758496763 357
1743433992944 0.43936668381094934 358
1743433999547 0.40725742995738984 359
1743434006514 0.4007025346904993 360
1743434013315 0.3964199028164148 361
1743434020085 0.41007070273160934 362
1743434026868 0.42638016372919085 363
1743434027456 0.42950963228940964 364
1743434034055 0.40376658774912355 365
1743434040837 0.4136857005953789 366
1743434047265 0.3944599486142397 367
1743434053859 0.40639586344361306 368
1743434060306 0.38162748619914055 369
1743434066823 0.39653262242674825 370
1743434070596 0.4425562876462936 371
1743434077882 0.3901179843395948 372
1743434084998 0.44777540855109693 373
1743434091818 0.47711733110249044 374
1743434098640 0.3669635756313801 375
1743434105367 0.4886787275224924 376
1743434111989 0.4189245533943176 377
1743434118461 0.4234525188803673 378
1743434125237 0.4295530887693167 379
1743434131974 0.4583967562764883 380
1743434138426 0.3650007650256157 381
1743434145042 0.43775516010820864 382
1743434151321 0.4383245255053043 383
1743434151896 0.4293038259446621 384
1743434154003 0.43657454967498777 385
1743434161097 0.44352268941700457 386
1743434167724 0.44060545809566976 387
1743434174539 0.38376250095665454 388
1743434181109 0.4448990108072758 389
1743434187533 0.47006709218025206 390
1743434193876 0.4792316324263811 391
1743434200744 0.4679783417284489 392
1743434201323 0.47950662188231946 393
1743434207949 0.3752862848341465 394
1743434214923 0.4450491627305746 395
1743434221642 0.4219538804888725 396
1743434228337 0.4933466859906912 397
1743434235410 0.45702368274331095 398
1743434242295 0.4774972981214523 399
1743434249212 0.41995919100940227 400
1743434255909 0.4464793233573437 401
1743434262685 0.40572652004659177 402
1743434269292 0.4447460366040468 403
1743434275974 0.4842504700273275 404
1743434283296 0.5035456115752459 405
1743434290008 0.5039414771646261 406
1743434296965 0.4720924297720194 407
1743434303690 0.4300622279196978 408
1743434310547 0.4465437543392181 409
1743434317526 0.399697495251894 410
1743434324528 0.43060914412140844 411
1743434331063 0.47786227814853194 412
1743434337484 0.5091483153402805 413
1743434344441 0.46964044220745566 414
1743434350852 0.5205310931056738 415
1743434357392 0.46592885814607143 416
1743434363849 0.5108675365895032 417
1743434370408 0.38382628858089446 418
1743434377010 0.45882224671542643 419
1743434383295 0.5333662562817335 420
1743434389968 0.40128479689359664 421
1743434396408 0.4561182868480682 422
1743434402772 0.41443299800157546 423
1743434409191 0.4678489678353071 424
1743434409915 0.4622395747154951 425
1743434416552 0.5000260870158673 426
1743434423161 0.47930055148899553 427
1743434429771 0.434526581838727 428
1743434436356 0.44736082017421724 429
1743434436937 0.45050092205405234 430
1743434443421 0.38332457140088083 431
1743434450174 0.4867286568135023 432
1743434456939 0.4698048747330904 433
1743434463627 0.492404255643487 434
1743434470253 0.5250105859339237 435
1743434470841 0.5239139051735401 436
1743434477300 0.5666777493804693 437
1743434484131 0.6028802978992462 438
1743434491091 0.4821725989878178 439
1743434491675 0.480802610963583 440
1743434498266 0.48146410427987574 441
1743434504975 0.43909781746566295 442
1743434511479 0.48660846032202243 443
1743434517942 0.5185103936493397 444
1743434524530 0.5305172166973352 445
1743434531113 0.4909320566058159 446
1743434538068 0.5033717282116413 447
1743434544289 0.5147083140164613 448
1743434550672 0.46146930001676084 449
1743434557147 0.38860071048140526 450
1743434563534 0.47998171143233775 451
1743434570167 0.4490380197763443 452
1743434576828 0.4228470530360937 453
1743434583458 0.49438845939934256 454
1743434590250 0.46615869745612143 455
1743434597036 0.5028855080902577 456
1743434603753 0.6141973587870598 457
1743434610175 0.5338923113793135 458
1743434616874 0.45879408963024615 459
1743434623442 0.5160182632505894 460
1743434629650 0.497914417758584 461
1743434635868 0.4818970488756895 462
1743434638133 0.4812356026470661 463
1743434644406 0.4613320777565241 464
1743434650970 0.4529364594817162 465
1743434657461 0.5261758901923895 466
1743434663965 0.4530314562469721 467
1743434670515 0.48627420254051684 468
1743434676663 0.5458777660131454 469
1743434682561 0.5085029311478138 470
1743434688765 0.5765226498246193 471
1743434695385 0.5088565761595965 472
1743434702223 0.5815883129835129 473
1743434708742 0.4808003621548414 474
1743434715506 0.6773334697633981 475
1743434721903 0.6297342460602522 476
1743434728741 0.5372385381162167 477
1743434735329 0.5501250093430281 478
1743434742212 0.5014932087063789 479
1743434749199 0.49839019514620303 480
1743434755583 0.6414001466333866 481
1743434762258 0.49089743129909036 482
1743434768641 0.5996061158925294 483
1743434775389 0.5784471321105957 484
1743434781844 0.5070521881431341 485
1743434788735 0.5026615752279758 486
1743434795799 0.5227932748943567 487
1743434796391 0.5266557797044515 488
1743434803884 0.6230848522484302 489
1743434810770 0.5086562790721655 490
1743434818061 0.5990919119864703 491
1743434824930 0.5673603877425194 492
1743434832237 0.5181494402140379 493
1743434839487 0.6494415549933911 494
1743434846615 0.4359514778852463 495
1743434853335 0.5152745057642459 496
1743434859391 0.6044290781021118 497
1743434865164 0.5534909199178218 498
1743434871511 0.5360344295948744 499
1743434877620 0.5673612232506275 500
1743434883881 0.6978561604022979 501
1743434889996 0.5550369011610746 502
1743434895985 0.623942057415843 503
1743434902692 0.639806032255292 504
1743434908829 0.586291550397873 505
1743434909511 0.5896623012423515 506
1743434915705 0.6153682223707437 507
1743434921803 0.5405417800694704 508
1743434927532 0.5636329987645149 509
1743434933695 0.5623363643884659 510
1743434939641 0.5235386684536933 511
1743434945766 0.584213784635067 512
1743434947869 0.601451591476798 513
1743434953971 0.5574360708147288 514
1743434956073 0.5599372089654208 515
1743434962057 0.6322361862659455 516
1743434962622 0.6301544523239135 517
1743434968676 0.7372512310743332 518
1743434974829 0.6037936510890722 519
1743434980787 0.5700260873883962 520
1743434986614 0.5354550096392632 521
1743434992544 0.56405548222363 522
1743434998300 0.8663731135427952 523
1743435004031 0.6656781818717719 524
1743435009906 0.6342676001042128 525
1743435016016 0.7133718906342983 526
1743435021881 0.5885141363739967 527
1743435027647 0.6647997938096524 528
1743435033231 0.6127748721092939 529
1743435039167 0.6810241183638572 530
1743435045021 0.5376270693540574 531
1743435050930 0.7011733723431826 532
1743435057272 0.5051539171487093 533
1743435063220 0.5579144310951233 534
1743435069255 0.5805523589998484 535
1743435075413 0.6577241468429565 536
1743435081417 0.5963931735605001 537
1743435081989 0.6031217392534017 538
1743435088076 0.7593025714159012 539
1743435093908 0.6030697281658649 540
1743435094477 0.606901703029871 541
1743435100519 0.5827894677966833 542
1743435106629 0.6779213667660952 543
1743435112735 0.6242585890740157 544
1743435114400 0.6358788990229368 545
1743435120385 0.5471589180082083 546
1743435122003 0.5631709872931242 547
1743435127918 0.6412502956390381 548
1743435133934 0.6750392987579107 549
1743435139982 0.7710315464437008 550
1743435145906 0.6327933836728334 551
1743435146475 0.6332107377797365 552
1743435152437 0.5736491757631302 553
1743435158117 0.6820291575789451 554
1743435163860 0.606799193546176 555
1743435169543 0.8181396897137165 556
1743435174688 0.7648809882998466 557
1743435179821 0.7929907549917697 558
1743435184894 0.6568668857216835 559
1743435190256 0.6383760580420494 560
1743435195493 0.6950543656945228 561
1743435200861 0.6603596740216017 562
1743435201413 0.660515439286828 563
1743435206813 0.7714214228093624 564
1743435212156 0.6358923128992319 565
1743435217301 0.6248739492148161 566
1743435222942 0.6288307932019234 567
1743435228416 0.6812894540280103 568
1743435235596 0.9224570427834987 569
1743435243378 0.8278013548254967 570
1743435250295 0.7644913282245398 571
1743435257438 0.7842211271822452 572
1743435264441 0.7740141794830561 573
1743435271587 0.7001285223662853 574
1743435278355 0.6171896461397409 575
1743435285109 0.9278519360721111 576
1743435291985 0.7274042480438948 577
1743435293757 0.6681442604213953 578
1743435300804 0.8339420972019433 579
1743435307933 0.7464356969296932 580
1743435314960 0.7325471878051758 581
1743435322015 0.6906903900951147 582
1743435323899 0.7979324876517058 583
1743435331223 0.6534613415598869 584
1743435339271 1.0285418297350406 585
1743435346436 0.7404017347097397 586
1743435353285 0.8525975495576859 587
1743435353876 0.8514579650759697 588
1743435360676 0.8786198754608631 589
1743435362462 0.8902650776505471 590
1743435368999 0.7509726915508509 591
1743435374905 0.6427889776229858 592
1743435382063 0.9719809202849865 593
1743435389581 0.6965074171125889 594
1743435396447 0.8938864715397358 595
1743435403329 0.7226480441540479 596
1743435410007 0.9388483992218971 597
1743435416999 0.7508412742614746 598
1743435424001 0.9166156676411629 599
1743435431575 0.730348219498992 600
1743435438591 0.7914809802919627 601
1743435446240 0.8766727646440268 602
1743435452886 0.6754312664270401 603
1743435459789 0.7332455793023109 604
1743435460362 0.7441592362523078 605
1743435467099 0.8411442969739437 606
1743435474243 0.7913206718862057 607
1743435481285 0.77144820779562 608
1743435489278 0.9219945424795151 609
1743435496014 0.8247793568670749 610
1743435502875 0.7464776057004928 611
1743435509831 0.8639488762617111 612
1743435516549 0.8752307675778865 613
1743435524199 0.802790824174881 614
1743435524786 0.7980320698022842 615
1743435532129 0.9014318244159222 616
1743435541129 0.8232595226168633 617
1743435548137 0.9526403611898422 618
1743435555541 0.6764347510039806 619
1743435563140 0.9235277355462312 620
1743435570901 0.7311220256984234 621
1743435579069 0.9572453670203686 622
1743435586127 0.6120967348664998 623
1743435587935 0.6023521976917983 624
1743435588522 0.6131231277436018 625
1743435589097 0.6045442596822977 626
1743435595327 1.04469241052866 627
1743435596051 1.036939336359501 628
1743435602803 1.031789207458496 629
1743435609800 0.8972992262244225 630
1743435616451 0.7968975116312503 631
1743435623419 0.9416404460370541 632
1743435631388 0.850050351023674 633
1743435637918 0.8023653954267502 634
1743435638514 0.8011451533436775 635
1743435645371 0.929811645001173 636
1743435651818 0.7991293801367283 637
1743435652401 0.8039799105376005 638
1743435659219 0.7350393959879875 639
1743435660061 0.7904665298759938 640
1743435666573 0.7734194047749042 641
1743435668830 0.9532073649764061 642
1743435675329 0.8222943065315484 643
1743435681899 0.7631800721585751 644
1743435688575 0.9628040245175362 645
1743435696424 0.750063652843237 646
1743435703877 0.6586584168672561 647
1743435710746 0.8499206770211458 648
1743435718540 0.7888682386279107 649
1743435726328 1.1133071947842836 650
1743435733645 0.9899326780438423 651
1743435740488 0.6911283563822508 652
1743435747327 0.710163910612464 653
1743435754191 0.983748814612627 654
1743435761850 0.8956330372393131 655
1743435769438 1.335945831090212 656
1743435776884 1.1191894478350877 657
1743435783825 1.1152007538080215 658
1743435791937 0.8578494556248188 659
1743435799171 0.9075244842469692 660
1743435806202 0.775129234045744 661
1743435813017 0.7313328030705452 662
1743435820548 0.9679532252252102 663
1743435827466 0.8660240490734578 664
1743435833684 0.7652048569917679 665
1743435840358 0.9714372804015875 666
1743435842124 0.9877789328247308 667
1743435848786 1.0065505895018578 668
1743435849777 1.0054528495669366 669
1743435856915 1.0701789896190166 670
1743435864140 0.6745879228413105 671
1743435871081 0.7849343224614859 672
1743435877594 0.7438818320631981 673
1743435884901 0.8831318698823452 674
1743435891720 0.5920883601158857 675
1743435899014 0.6524449363350868 676
1743435906039 0.8462416841834783 677
1743435912800 1.2876237109303474 678
1743435919763 0.7745191268622875 679
1743435927028 0.9644359040260315 680
1743435933929 0.7887104031443596 681
1743435940762 0.8949498350918293 682
1743435942908 0.8075328965485096 683
1743435943497 0.8028330381214619 684
1743435949923 0.8244165247678756 685
1743435956450 0.902895313501358 686
1743435964279 0.8326308391988277 687
1743435970891 1.0955854059755803 688
1743435977326 1.227346534729004 689
1743435985007 0.9414911195635796 690
1743435992200 0.9454449184238911 691
1743435999309 0.9735315940529108 692
1743436007070 0.8756180483102799 693
1743436014294 0.7770432327687741 694
1743436021139 0.9556552236527205 695
1743436028958 0.9157393391430378 696
1743436036561 0.7029675065726042 697
1743436044138 0.9966579934954644 698
1743436050922 0.790781560242176 699
1743436057650 0.7412482982128858 700
1743436064654 0.6827365544438362 701
1743436071360 1.162917397916317 702
1743436078313 1.307816963493824 703
1743436079079 1.3087586358189582 704
1743436085852 1.2566533920168876 705
1743436086440 1.2461262467503547 706
1743436093055 1.0726347903907298 707
1743436099697 1.0256490194797516 708
1743436101681 1.0378308406472205 709
1743436108269 0.924191450253129 710
1743436115538 1.0203221048414708 711
1743436122562 0.9098015560209751 712
1743436129519 0.7679150615632534 713
1743436131342 0.932248017936945 714
1743436137879 0.8155659067630768 715
1743436144800 0.8389324270933867 716
1743436146644 0.7850091702491045 717
1743436153440 1.1157171525061131 718
1743436160044 0.9578213742375374 719
1743436166682 0.8198609522730113 720
1743436172959 0.7298112264275551 721
1743436179394 0.8633297084271908 722
1743436186132 0.9782028990983963 723
1743436192805 1.112614733055234 724
1743436199413 0.8861508373916149 725
1743436205850 1.1406388334929942 726
1743436213196 1.0886408756673336 727
1743436220035 1.4521803172677756 728
1743436226793 1.1671850611269474 729
1743436233159 0.8343425786495209 730
1743436239730 1.2156011217832565 731
1743436246544 0.8947677382826805 732
1743436253553 1.1356156627833842 733
1743436260189 0.9348781929910183 734
1743436267050 1.1170659440755843 735
1743436273594 1.6137753272056579 736
1743436274329 1.6575157342851161 737
1743436281450 1.194753594249487 738
1743436288051 1.7239384017884731 739
1743436294560 1.3904224555194378 740
1743436301801 0.9368294174969196 741
1743436308691 1.029863301217556 742
1743436315523 1.0171813221275807 743
1743436316117 1.032014557570219 744
1743436322935 1.3374554285407065 745
1743436324827 1.2727942837774753 746
1743436332119 1.6548762622475623 747
1743436339545 0.8106070718169213 748
1743436340144 0.8065458300709725 749
1743436347156 1.0990073834359646 750
1743436354442 1.826872214525938 751
1743436361655 1.3785674525797367 752
1743436368750 1.6937220431864262 753
1743436375611 1.5045032124221325 754
1743436382655 1.8712348610162735 755
1743436389457 1.0491377155482768 756
1743436396440 1.9012648119032383 757
1743436403423 1.2946384412050247 758
1743436410517 1.259909375756979 759
1743436416900 1.3815895216166973 760
1743436423476 1.1251543471217156 761
1743436430471 1.5924413506686688 762
1743436437305 1.604137111455202 763
1743436443912 1.7648309908807278 764
1743436450325 1.9629981848597526 765
1743436457018 1.3844840268790721 766
1743436463617 1.5620272539556026 767
1743436464341 1.56395583614707 768
1743436464935 1.5693274293839932 769
1743436471615 1.1290570850670338 770
1743436478271 1.0561989897489548 771
1743436484917 1.271219815015793 772
1743436491510 0.9516098557412624 773
1743436498276 1.2870326188206673 774
1743436505321 1.5273069941997528 775
1743436512084 1.103397374153137 776
1743436519265 1.8262015530467033 777
1743436526403 1.5143270188570022 778
1743436533494 1.4356510797142983 779
1743436540456 1.5046106527745724 780
1743436547861 1.518903075605631 781
1743436548455 1.441974568516016 782
1743436555021 1.2970234335958957 783
1743436557205 1.3481301809847355 784
1743436564090 1.4937926089763642 785
1743436570240 1.4706378427147866 786
1743436576468 1.7825573690235614 787
1743436577055 1.7884837426245213 788
1743436583932 1.5453287829458713 789
1743436591409 1.2711025388538837 790
1743436597916 1.6493820345401764 791
1743436598531 1.6493032503128051 792
1743436604927 1.2364007432758808 793
1743436611435 1.3778471536934376 794
1743436618296 1.7879191845655442 795
1743436624985 1.6639812828600407 796
1743436631709 1.4882554957270622 797
1743436638233 1.365635521709919 798
1743436644622 1.66272540807724 799
1743436651780 1.5806900724768638 800
1743436658348 1.6674120354652404 801
1743436665546 1.7411518469452858 802
1743436672521 1.389786008298397 803
1743436673134 1.3865468671917915 804
1743436680180 1.785147075355053 805
1743436687404 1.5069027857482433 806
1743436694068 1.3328927183151245 807
1743436700615 1.3415969303250312 808
1743436707526 1.1033198148012162 809
1743436710817 1.0811073265969753 810
1743436718162 1.1496689546108245 811
1743436724909 1.4213443014025688 812
1743436732376 1.4461527577042579 813
1743436739582 1.1310144709050656 814
1743436746822 1.0034277148544788 815
1743436754338 1.4735633608698846 816
1743436761817 1.1927130153775216 817
1743436768280 1.146633741557598 818
1743436775457 1.3562011016905309 819
1743436783065 1.4134989087283611 820
1743436791667 1.428622029274702 821
1743436798373 1.2952536568045616 822
1743436804705 1.1175327628850937 823
1743436812509 1.6423941054940223 824
1743436819715 1.608206500262022 825
1743436826771 1.33564350605011 826
1743436834261 1.2187681588530541 827
1743436840782 1.2124987943470478 828
1743436847484 1.1675051681697368 829
1743436854560 1.314787543565035 830
1743436856969 1.3644832661747932 831
1743436864168 1.1654031358659267 832
1743436871689 1.1977986006438732 833
1743436878613 1.2357843968272209 834
1743436886335 1.59952947974205 835
1743436893075 1.5473534639179707 836
1743436901115 1.004983067214489 837
1743436910394 1.345272580832243 838
1743436918466 1.0945228147506714 839
1743436925857 1.1319290962815285 840
1743436933595 1.2316611416637897 841
1743436940243 1.1774308030307292 842
1743436946835 1.3327724258601665 843
1743436947425 1.3305595396459102 844
1743436954250 1.2647708643972875 845
1743436960985 0.9774805575609207 846
1743436967644 0.9580444486439228 847
1743436968238 0.9657358987629414 848
1743436975404 1.294002666026354 849
1743436982777 1.0137559846043587 850
1743436989083 1.1992621818184852 851
1743436995654 1.3088249146938324 852
1743437002497 1.2175229871273041 853
1743437009269 1.1297860200703145 854
1743437016738 1.237180903404951 855
1743437024130 1.3861532582342624 856
1743437031574 1.0935173232853412 857
1743437039126 1.1073283733427524 858
1743437046523 0.9611934423446655 859
1743437053062 1.2293690326809883 860
1743437059723 1.147803516983986 861
1743437066950 1.0408298093080521 862
1743437074876 1.4882585862278939 863
1743437082054 1.1876548120379449 864
1743437088592 1.2322644621133805 865
1743437095752 1.052253718227148 866
1743437102228 1.1747392116487025 867
1743437108637 1.084997102022171 868
1743437115568 1.4447546811401843 869
1743437122630 0.8511281997710466 870
1743437129632 1.216807916164398 871
1743437136761 1.0697186632454396 872
1743437143861 1.0990037348866464 873
1743437150862 1.4128617443144322 874
1743437157791 0.9124913322925567 875
1743437165234 1.0910231517255307 876
1743437171843 1.2508217574656009 877
1743437178135 1.0830220015347003 878
1743437184279 1.0264041775465012 879
1743437191703 1.129577317237854 880
1743437192289 1.1340701520442962 881
1743437199537 1.3746566720306874 882
1743437206144 0.893194076269865 883
1743437212540 1.2408370251208545 884
1743437219574 1.2117145301401615 885
1743437226234 0.8856039012968541 886
1743437233484 1.1312823230028153 887
1743437241015 0.8520114648342133 888
1743437247988 1.1129475636780262 889
1743437254740 1.1580860562622548 890
1743437261224 1.111491846740246 891
1743437267728 1.0524393738806248 892
1743437274813 0.9420383314788342 893
1743437281420 1.178176390081644 894
1743437288527 1.0127444058656692 895
1743437295847 1.0445505954325198 896
1743437303315 1.198982181996107 897
1743437310171 1.295285046696663 898
1743437316996 1.2048245531320572 899
1743437323772 1.0126580564677716 900
1743437330994 1.0709902556240558 901
1743437338644 1.0565162754058839 902
1743437346101 0.8811658692359924 903
1743437352371 1.1428556895256043 904
1743437358566 1.0547748816013336 905
1743437365870 0.970844139456749 906
1743437372555 1.1375645852833987 907
1743437379290 1.1984626072645188 908
1743437387966 1.0811440239846706 909
1743437394583 0.874633180052042 910
1743437402534 0.8674789775907993 911
1743437408853 1.0691393143683672 912
1743437415192 1.1451687160134316 913
1743437421846 1.2807584667205811 914
1743437430140 1.4506658685207368 915
1743437437723 1.1737548610568047 916
1743437445458 0.9939667510986329 917
1743437452610 1.0286440588533878 918
1743437459752 1.2762498775124549 919
1743437466252 1.0959340104460715 920
1743437473390 1.1058394727110863 921
1743437480053 1.2332579474151135 922
1743437486907 0.9031060850620269 923
1743437494319 1.0614969211816787 924
1743437500953 1.392771665006876 925
1743437507765 1.5799386605620385 926
1743437514863 1.243781704157591 927
1743437521518 1.50161278039217 928
1743437525879 1.3760885035991668 929
1743437532597 1.3265081664919853 930
1743437539457 1.2918810020387173 931
1743437546340 1.317177421450615 932
1743437552479 1.7392433369159699 933
1743437558529 1.2035584796965122 934
1743437565333 1.1306011499464512 935
1743437572411 1.0470041304826736 936
1743437579585 1.2799463315308095 937
1743437586224 1.4123530539870262 938
1743437592243 1.028782381862402 939
1743437599091 1.5312175706028939 940
1743437605583 1.3916938050091268 941
1743437612043 1.2032189166545868 942
1743437618688 0.9928499239683152 943
1743437625592 0.9129491282999516 944
1743437632191 1.4788245306909085 945
1743437639075 1.3864485809206963 946
1743437645713 1.5977549423277377 947
1743437652164 1.4105812069773673 948
1743437659026 1.1291988171637057 949
1743437665645 1.4650759038329124 950
1743437666237 1.4601521743834018 951
1743437673874 1.3081030301749705 952
1743437680658 1.2872519966959954 953
1743437687356 0.9820748037099838 954
1743437694293 1.305543936342001 955
1743437701246 1.4044480700790882 956
1743437707927 1.159911344051361 957
1743437709640 1.377275814116001 958
1743437715942 1.6705415423959493 959
1743437722977 1.1575044240057468 960
1743437729988 1.1942591610550881 961
1743437736827 1.121309731155634 962
1743437743540 1.5263699799776078 963
1743437750464 1.0402158714085816 964
1743437757071 1.2842844499647617 965
1743437763165 1.3170626558363439 966
1743437769321 1.4322038623690605 967
1743437776137 1.1489664536714554 968
1743437783018 1.3170162199437618 969
1743437789883 1.3533961152285336 970
1743437796806 1.0455158700048923 971
1743437803614 0.9787014766037464 972
1743437810624 1.489231571406126 973
1743437817475 1.2895034466683866 974
1743437824452 1.1219407251477242 975
1743437831326 1.4513115827739238 976
1743437833632 1.4378991885483265 977
1743437840461 1.2130909003317356 978
1743437847633 1.120925731062889 979
1743437854890 1.8025975534319878 980
1743437862148 1.1194565834105015 981
1743437869550 1.2545565248280763 982
1743437870146 1.2405978340655566 983
1743437877166 1.3088749741017818 984
1743437884480 0.993227188885212 985
1743437886514 1.0378771199285983 986
1743437894004 1.560166410058737 987
1743437901032 1.419632202833891 988
1743437901630 1.4278743354976178 989
1743437908822 1.2361496111750603 990
1743437915789 1.0846908739954233 991
1743437922517 1.4344374585151671 992
1743437929151 1.673990276902914 993
1743437935751 1.445023762881756 994
1743437942830 1.4126189620792866 995
1743437949389 1.096546754091978 996
1743437955831 1.1627616004645824 997
1743437962590 1.167090526521206 998
1743437969597 1.2699601408839225 999
1743437976610 0.9811591237783432 1000
1743437983717 1.258851658254862 1001
1743437990489 1.4854189637303352 1002
1743437997343 0.9965393361449242 1003
1743438004351 1.1883223623037338 1004
1743438011023 1.582516651749611 1005
1743438017875 1.1737350788712502 1006
1743438024880 1.5801739080250263 1007
1743438031688 1.0816233006119729 1008
1743438038793 1.5640691423416138 1009
1743438045290 1.9590358404815198 1010
1743438052175 1.1414470326900483 1011
1743438059305 1.2824193938076496 1012
1743438066307 1.3517705057561398 1013
1743438072927 1.4022379465401174 1014
1743438075055 0.9767151452600956 1015
1743438081907 1.3973006650805473 1016
1743438088429 1.3581649048626423 1017
1743438095563 1.993572655171156 1018
1743438102941 1.2075524774938822 1019
1743438110138 1.3257924604415894 1020
1743438117326 1.3023957240581512 1021
1743438117924 1.2755793416500092 1022
1743438125293 1.5082230930030347 1023
1743438131651 1.2637842851877212 1024
1743438138242 1.2962322732806206 1025
1743438144851 1.4698173166811466 1026
1743438151922 1.043860623165965 1027
1743438159075 1.1550370891392232 1028
1743438166329 1.3762861596047877 1029
1743438166917 1.3970651181042195 1030
1743438173929 1.390271881595254 1031
1743438180995 1.4600085666775704 1032
1743438188078 1.921722358763218 1033
1743438194760 1.6937071362137794 1034
1743438200915 1.3226456412672996 1035
1743438207594 1.3972173102200032 1036
1743438213887 1.355341264605522 1037
1743438220052 1.519014292061329 1038
1743438226794 1.2000118552148342 1039
1743438232796 1.0311201553046703 1040
1743438240031 0.8975369173288346 1041
1743438246930 1.22566250577569 1042
1743438253931 1.448667504042387 1043
1743438260860 1.1637261091172695 1044
1743438267647 1.2909645250439643 1045
1743438274376 1.3813773976266384 1046
1743438281338 1.0706531059741975 1047
1743438287970 1.1039832200109958 1048
1743438294692 1.2382096336781978 1049
1743438301486 1.188252607434988 1050
1743438308343 0.9627676685154438 1051
1743438315242 0.9861020557582378 1052
1743438322388 1.0458191801607608 1053
1743438328662 1.4393855926394463 1054
1743438335103 1.182764868736267 1055
1743438341944 1.4623621797561646 1056
1743438343972 1.2978934060037135 1057
1743438352495 1.2190797617286444 1058
1743438353094 1.1338062503188848 1059
1743438359546 1.3013907159864901 1060
1743438366941 1.1134886168688536 1061
1743438373186 1.676391801685095 1062
1743438379932 1.345913424938917 1063
1743438386234 1.5082629424333573 1064
1743438392812 1.0436702443659305 1065
1743438399104 1.560804820507765 1066
1743438405467 1.2689964653551578 1067
1743438411783 1.4471237844228744 1068
1743438418595 1.441319703757763 1069
1743438425520 1.318080356568098 1070
1743438432331 1.4940582406520844 1071
1743438439130 1.1670511232316494 1072
1743438445817 1.8696433438360691 1073
1743438452592 1.3620579873025418 1074
1743438459392 1.8516589987277985 1075
1743438466237 1.46573775395751 1076
1743438472792 1.3564880262315273 1077
1743438479731 1.8605841141939163 1078
1743438486468 1.6145838063955307 1079
1743438492934 1.445831467807293 1080
1743438499637 1.536534897685051 1081
1743438500372 1.5195343169569968 1082
1743438506927 1.5321475936472415 1083
1743438513323 1.466455634087324 1084
1743438519761 1.4096935415267944 1085
1743438526501 1.477602525651455 1086
1743438532985 1.6112393717467786 1087
1743438539369 1.4605720832943916 1088
1743438545677 1.8478467336297035 1089
1743438552205 1.9922612400352955 1090
1743438558798 2.0035167092084887 1091
1743438564826 1.1191869316995144 1092
1743438571006 1.8677948778867721 1093
1743438577256 2.0070208032429218 1094
1743438584047 1.5581311698257923 1095
1743438591363 1.4748763747513294 1096
1743438598866 1.6299217484891415 1097
1743438605222 1.3259247125685214 1098
1743438611629 1.2798716339468956 1099
1743438614424 1.2740952509641648 1100
1743438615009 1.2650723266601562 1101
1743438621261 1.7977775579690933 1102
1743438627760 1.3880991795659066 1103
1743438634735 1.4096232986450195 1104
1743438641433 1.2227732732892036 1105
1743438648666 1.682893734574318 1106
1743438655577 1.3177400724589825 1107
1743438656170 1.3306142418086528 1108
1743438662937 1.601828565299511 1109
1743438669869 1.6474691002070905 1110
1743438676753 1.7617715083062648 1111
1743438683697 1.4594408421218394 1112
1743438690802 1.4048011814057828 1113
1743438697707 1.3177602334320546 1114
1743438704661 1.4762701946496963 1115
1743438706701 1.4824438978731633 1116
1743438713263 1.3653508208692073 1117
1743438717283 1.5907233037054538 1118
1743438723144 2.2530541795492174 1119
1743438729943 1.6260984298586845 1120
1743438736765 1.7365435625612735 1121
1743438743292 1.4358741156756878 1122
1743438749876 1.855184401422739 1123
1743438756119 1.9652851872146129 1124
1743438756874 1.9428908143937589 1125
1743438763761 1.723692564368248 1126
1743438770603 1.486678684949875 1127
1743438777432 1.2109581172466277 1128
1743438778017 1.2767009514570236 1129
1743438784746 1.8205443850159646 1130
1743438791504 1.7375211434066296 1131
1743438798362 2.0588669176399708 1132
1743438804545 2.203337100148201 1133
1743438805128 2.203586128950119 1134
1743438805716 2.301373100280762 1135
1743438812200 1.9059647281467915 1136
1743438819062 1.9001498413085938 1137
1743438821111 1.8861180344223976 1138
1743438827904 2.041799034178257 1139
1743438834612 1.3585092827677727 1140
1743438841113 1.8149146829545497 1141
1743438847716 1.9812720815837384 1142
1743438854522 1.7940583205223084 1143
1743438861223 1.2481898841261865 1144
1743438867721 1.7822676342725754 1145
1743438874533 1.6861178697645665 1146
1743438880978 1.6754582510888576 1147
1743438887772 2.7579469314217566 1148
1743438894428 2.0712644498050214 1149
1743438901274 1.8209514914453029 1150
1743438908257 2.025800184458494 1151
1743438915623 2.228856566995382 1152
1743438922403 2.75939292088151 1153
1743438929177 1.5017587618529797 1154
1743438936290 2.5305439510941508 1155
1743438943174 2.6202648866176603 1156
1743438949618 1.9888908585906029 1157
1743438956681 2.1756226685643196 1158
1743438963090 1.7760489079356194 1159
1743438970057 2.032519556581974 1160
1743438976888 2.9145243364572524 1161
1743438983377 1.7854252569377422 1162
1743438989920 2.359709437787533 1163
1743438996690 2.100592921078205 1164
1743439003547 1.2762133520841599 1165
1743439010295 1.7617816276848317 1166
1743439016793 2.4163869199156762 1167
1743439023269 2.690571559071541 1168
1743439030067 1.7033546204864978 1169
1743439036864 1.885880884230137 1170
1743439043028 1.6858934164047241 1171
1743439049479 1.7122372886538506 1172
1743439055901 2.018649742752314 1173
1743439062127 1.468231514841318 1174
1743439068690 1.3376695819199085 1175
1743439069282 1.2708549351990224 1176
1743439075460 2.399642037153244 1177
1743439081832 1.331275552660227 1178
1743439088339 1.6836752365529537 1179
1743439094622 1.8207927271723747 1180
1743439101436 1.3966342960298062 1181
1743439108326 1.9346270075440406 1182
1743439115270 1.955932884067297 1183
1743439122034 1.4295570115745067 1184
1743439126195 2.0541055877506733 1185
1743439132378 1.6358525320887565 1186
1743439138705 1.4728970630466938 1187
1743439145730 1.6317121696472168 1188
1743439146366 1.6253351825475693 1189
1743439146939 1.635577066540718 1190
1743439153700 1.8278417401015759 1191
1743439160412 1.9916564184427261 1192
1743439167332 1.6569294461607933 1193
1743439169721 1.6030429601669312 1194
1743439176935 1.463415381014347 1195
1743439183662 2.5324687279760836 1196
1743439190525 2.3154424491524694 1197
1743439197449 1.90438939422369 1198
1743439204110 1.1137904292345047 1199
1743439209931 2.2027115361392497 1200
1743439216344 1.8983670267462731 1201
1743439217078 1.8190052154660226 1202
1743439218749 1.8447406965494155 1203
1743439225548 1.7357033291459083 1204
1743439232544 1.48338243201375 1205
1743439239399 1.431345012485981 1206
1743439239992 1.4228590163588524 1207
1743439246781 1.375628219395876 1208
1743439253657 1.4198842558264733 1209
1743439260539 2.079978920519352 1210
1743439267317 2.3383263577520847 1211
1743439274098 1.832594989091158 1212
1743439280639 1.4648578952252864 1213
1743439287448 2.1782192412018775 1214
1743439289571 2.0032747170329093 1215
1743439296350 1.4324766512215137 1216
1743439303417 1.5380770429968833 1217
1743439310746 1.7138400891423224 1218
1743439317973 1.6234967379271985 1219
1743439325126 1.4962284027040005 1220
1743439331751 1.4992002362012864 1221
1743439338906 1.831238954216242 1222
1743439340965 1.854413879662752 1223
1743439347801 1.6936262708902359 1224
1743439354512 1.841012456268072 1225
1743439361007 1.7474626868963241 1226
1743439367613 1.9144139996170997 1227
1743439374224 1.2000972932577134 1228
1743439380889 1.209814244657755 1229
1743439387600 1.4124889068305493 1230
1743439394353 1.7780478712916374 1231
1743439401060 1.6242884987592696 1232
1743439407833 1.323779013901949 1233
1743439414704 1.0881915955245496 1234
1743439421179 1.5890007150173187 1235
1743439427846 1.4026293143630029 1236
1743439434941 1.5330735633522272 1237
1743439441844 1.794149493277073 1238
1743439448784 2.359954081624746 1239
1743439455646 1.7848911947011947 1240
1743439462459 1.345199592411518 1241
1743439469289 1.4381969530880452 1242
1743439476149 1.503510683476925 1243
1743439482923 1.4654001531004905 1244
1743439489851 1.840214788019657 1245
1743439496646 1.2825604325532913 1246
1743439503518 1.439178535491228 1247
1743439510236 1.3085361397266388 1248
1743439516906 1.716036344766617 1249
1743439523849 2.0138664938509465 1250
1743439531037 1.6878813129663468 1251
1743439538065 2.281964680403471 1252
1743439544978 1.3591579008102417 1253
1743439551901 1.5536142356693745 1254
1743439556026 1.6595998811721802 1255
1743439562788 1.260039556324482 1256
1743439569857 1.428533873707056 1257
1743439576828 2.382934737205505 1258
1743439578559 2.4032036207616327 1259
1743439585322 2.0165008817613126 1260
1743439592629 1.241493272036314 1261
1743439599455 1.5651976771652698 1262
1743439605831 1.8619041381776333 1263
1743439612643 2.0240829019248485 1264
1743439619677 1.7783087953925132 1265
1743439621810 1.8605930235981942 1266
1743439628455 2.2908342461287976 1267
1743439635351 2.150578621774912 1268
1743439642223 1.7530528222024442 1269
1743439648784 1.1485239066183568 1270
1743439655226 1.5393356630206108 1271
1743439657263 1.4405565831065177 1272
1743439664113 1.2902683398127557 1273
1743439670754 1.7229730439186097 1274
1743439677859 1.857938306480646 1275
1743439678449 1.8565468169748782 1276
1743439685382 1.490184511691332 1277
1743439692324 2.567884647846222 1278
1743439699018 1.4670850843191148 1279
1743439705891 1.8780663776397706 1280
1743439712583 2.0133712340891363 1281
1743439719393 1.773744417577982 1282
1743439726473 1.767596773803234 1283
1743439729187 1.5765267477929592 1284
1743439735456 2.366802842617035 1285
1743439736379 2.1253511598706245 1286
1743439743673 1.7391856318712235 1287
1743439750690 2.775626573264599 1288
1743439751287 2.7800937041640283 1289
1743439753971 2.426389269530773 1290
1743439760708 1.9348011195659638 1291
1743439767730 1.9566425305604935 1292
1743439774972 1.3560126507282257 1293
1743439781568 1.5762558111548424 1294
1743439788397 1.4929933711886405 1295
1743439795127 2.2315916301310064 1296
1743439796931 2.2878413289785384 1297
1743439804142 2.302628418654203 1298
1743439810892 2.018748109191656 1299
1743439818266 2.5239870029687883 1300
1743439825062 1.7911263389885426 1301
1743439831914 2.991330721527338 1302
1743439833643 2.980577162951231 1303
1743439840466 1.8493081469833852 1304
1743439847182 1.8178382831811906 1305
1743439847946 1.8158270251750945 1306
1743439854996 1.6383821961283684 1307
1743439861514 1.518914200514555 1308
1743439868450 1.8688577266037465 1309
1743439875604 1.8937101241946221 1310
1743439882400 1.968079517185688 1311
1743439889412 1.9562947729229927 1312
1743439896558 1.6411398774385453 1313
1743439903535 1.8946910946071147 1314
1743439910117 2.604324773848057 1315
1743439917318 1.7256837496161461 1316
1743439924449 1.6663660997152328 1317
1743439926210 1.8062531374394895 1318
1743439927047 1.8409846217930317 1319
1743439928758 2.142498909831047 1320
1743439935936 1.9582032942771912 1321
1743439942957 2.5152260988950728 1322
1743439945596 1.6761180409789085 1323
1743439952278 2.007684168368578 1324
1743439952865 2.0142274679243566 1325
1743439953462 2.001035433858633 1326
1743439960448 1.7722056923806668 1327
1743439967713 2.216889006793499 1328
1743439974658 1.8100399181246758 1329
1743439981955 1.560195156186819 1330
1743439989298 2.2537846659123897 1331
1743439996575 2.0713870625197885 1332
1743440003870 2.2036626486480237 1333
1743440004741 2.2560809652507303 1334
1743440011810 2.012030858844519 1335
1743440018484 1.3692914102971554 1336
1743440025101 2.8946522521972655 1337
1743440031939 2.2945118854939937 1338
1743440038755 1.584470123797655 1339
1743440045560 1.9268884333968161 1340
1743440052635 2.4101051622629166 1341
1743440059773 2.0609146927297117 1342
1743440066492 2.4189106591045855 1343
1743440073251 1.9644490052759647 1344
1743440080163 2.6352541580796243 1345
1743440087304 2.390382526367903 1346
1743440089388 2.9915320007503032 1347
1743440096094 1.4503333331644535 1348
1743440102982 2.6914372104406357 1349
1743440103582 2.669977354705334 1350
1743440110401 2.3106269179284573 1351
1743440116935 2.1181346017122267 1352
1743440123498 2.157678107172251 1353
1743440125385 1.8189736948907376 1354
1743440132211 1.8591914436221122 1355
1743440138962 1.3454692015051841 1356
1743440139546 1.3307835629582405 1357
1743440146542 2.545535623431206 1358
1743440152385 1.8948447073996066 1359
1743440159150 1.7383461339771749 1360
1743440162311 1.8823819543421267 1361
1743440169374 2.2100717201828957 1362
1743440176304 1.768872165977955 1363
1743440183087 2.094919927865267 1364
1743440184841 1.9467170986533164 1365
1743440191795 2.861265803128481 1366
1743440198404 2.277015019953251 1367
1743440205761 2.6004672014713286 1368
1743440212346 1.748306781053543 1369
1743440219466 3.346555897593498 1370
1743440226235 2.2851002642512324 1371
1743440230357 3.1006133399903772 1372
1743440236957 2.0955207997560503 1373
1743440243828 2.34975649535656 1374
1743440250591 2.0510361714661123 1375
1743440257606 2.1855123493075372 1376
1743440264479 2.4117869047820566 1377
1743440271361 3.1581599117815493 1378
1743440278534 2.2540786716341974 1379
1743440285289 3.277841987013817 1380
1743440292273 2.4481710356473925 1381
1743440299103 2.409070283472538 1382
1743440306010 2.569897401928902 1383
1743440313164 2.1802290466427805 1384
1743440320191 3.40315295368433 1385
1743440326908 2.310414214581251 1386
1743440333883 1.9942748533189296 1387
1743440340739 3.4263984298706056 1388
1743440347286 2.9548976799845694 1389
1743440354136 2.629368267506361 1390
1743440360292 2.8459663608670236 1391
1743440366928 2.0697491458058357 1392
1743440373368 2.2557197108864786 1393
1743440379976 2.235991695970297 1394
1743440386672 3.2789180445671082 1395
1743440392576 2.91606250166893 1396
1743440399384 3.2103660948574544 1397
1743440406192 2.9160815082490443 1398
1743440413169 1.8423853342235088 1399
1743440419952 2.2933457484841346 1400
1743440426707 2.882436280250549 1401
1743440427304 2.9941655623912813 1402
1743440433998 3.0754137021303176 1403
1743440440829 1.9166694487631322 1404
1743440447886 2.842517068386078 1405
1743440454704 1.6714319266378879 1406
1743440461296 2.506016874611378 1407
1743440467894 2.104698623269796 1408
1743440475009 2.6746365463733675 1409
1743440481486 2.63204285800457 1410
1743440483518 2.2779547393321993 1411
1743440487438 2.712456400990486 1412
1743440494343 2.790839192122221 1413
1743440501418 2.4746815833449363 1414
1743440508308 3.320832523852587 1415
1743440514838 2.459235101044178 1416
1743440521505 2.9571510215103625 1417
1743440528549 3.8467498022317885 1418
1743440535124 3.731713053882122 1419
1743440541608 3.4833658868074417 1420
1743440543371 3.8758071276545523 1421
1743440550347 3.6198929646611213 1422
1743440557345 2.62758996039629 1423
1743440564380 3.5829459595680238 1424
1743440571179 2.6760561883449556 1425
1743440578572 2.504670263826847 1426
1743440585378 2.2563706417381764 1427
1743440591753 3.0069501066207884 1428
1743440592355 2.965340449810028 1429
1743440594156 2.7642668601870537 1430
1743440601337 2.953711199015379 1431
1743440603642 2.504460599720478 1432
1743440604393 2.4918775582313537 1433
1743440611674 3.0347432245314123 1434
1743440618779 3.298630666434765 1435
1743440626070 3.0961104771494865 1436
1743440633053 2.148151215314865 1437
1743440640117 2.195492889434099 1438
1743440647334 3.613020568192005 1439
1743440649328 3.341824395954609 1440
1743440652110 2.9888627824187277 1441
1743440658770 2.9510293421149254 1442
1743440665615 2.2786139507591723 1443
1743440672421 3.4004564860463145 1444
1743440679181 2.601038002371788 1445
1743440686156 2.741354465484619 1446
1743440692695 2.7615474343299864 1447
1743440699340 2.4888326923549173 1448
1743440705986 1.7394635728001595 1449
1743440712525 2.598986394107342 1450
1743440719246 2.2539840541779994 1451
1743440726445 2.9092403134703635 1452
1743440733412 2.5406344074010847 1453
1743440740279 3.365934616625309 1454
1743440747135 3.127633563578129 1455
1743440753791 2.7040795239806177 1456
1743440760394 4.487672115862369 1457
1743440766933 2.7445304656028746 1458
1743440773742 3.1103582856059075 1459
1743440780114 2.791296703517437 1460
1743440780866 2.7879668161273004 1461
1743440787780 4.313282002210617 1462
1743440794765 3.0651369515061377 1463
1743440801487 3.189407411813736 1464
1743440808278 3.469885932803154 1465
1743440815231 3.732879289984703 1466
1743440821847 2.931611947119236 1467
1743440823730 2.93603820502758 1468
1743440830257 3.0501450112462045 1469
1743440836831 3.2165366318821906 1470
1743440837441 3.21200810700655 1471
1743440844352 3.1732065305113792 1472
1743440846296 3.1056194707751272 1473
1743440853333 3.4131545725464822 1474
1743440860381 3.486941027641296 1475
1743440867179 3.908451560139656 1476
1743440873980 2.0767266720533373 1477
1743440881312 2.78155042886734 1478
1743440888100 3.4987321051955225 1479
1743440895058 3.477722888290882 1480
1743440902220 3.380352875292301 1481
1743440909031 3.35679389744997 1482
1743440911325 3.4878064808249474 1483
1743440918220 2.3786855897307397 1484
1743440924823 2.298085874468088 1485
1743440931442 3.3734386959671974 1486
1743440932040 3.7087544503808023 1487
1743440938940 2.1932819679379465 1488
1743440939696 2.189275602400303 1489
1743440946976 2.110926993191242 1490
1743440954027 3.414719851613045 1491
1743440960712 2.615215205550194 1492
1743440967792 2.812296257019043 1493
1743440974276 3.6917499336600303 1494
1743440980871 3.779451340585947 1495
1743440988318 2.9839964966475963 1496
1743440995427 2.96947988986969 1497
1743441002680 2.8482289399206637 1498
1743441009663 4.20203130453825 1499
1743441016742 3.498073324561119 1500
1743441023642 2.909427244067192 1501
1743441031102 3.1918455597758295 1502
1743441038398 3.363690297007561 1503
1743441039002 3.3634800133109093 1504
1743441046216 4.48162355273962 1505
1743441053247 3.294567069709301 1506
1743441059922 2.690186335891485 1507
1743441066821 3.079585509598255 1508
1743441073918 3.092977283895016 1509
1743441080896 2.393883688300848 1510
1743441082720 2.5248876501619817 1511
1743441089578 3.0603660044074057 1512
1743441096472 3.233179599940777 1513
1743441103011 3.9749954691529275 1514
1743441109474 2.542690724134445 1515
1743441116104 3.008817536532879 1516
1743441123060 2.6400579069554806 1517
1743441129826 3.1367233441770077 1518
1743441136698 3.01010214522481 1519
1743441137297 2.953835176974535 1520
1743441143688 3.6624147230386734 1521
1743441150374 2.912740581035614 1522
1743441157019 2.769589812755585 1523
1743441159628 2.4738009265065193 1524
1743441166407 3.4536025297641753 1525
1743441173112 3.170741737782955 1526
1743441179817 3.221875359117985 1527
1743441182081 3.3179176020622254 1528
1743441189250 2.496216216236353 1529
1743441196230 3.013473535478115 1530
1743441203037 3.189283839762211 1531
1743441209588 2.798810287117958 1532
1743441210176 2.7987758392095565 1533
1743441217065 3.654315014332533 1534
1743441224192 3.3378806522488595 1535
1743441231444 3.2046532873809337 1536
1743441238696 3.669137439131737 1537
1743441240632 3.583310497403145 1538
1743441247844 3.483624628186226 1539
1743441254696 2.5807101237773895 1540
1743441261764 4.071019709706307 1541
1743441269168 3.909793944954872 1542
1743441270026 3.866577246487141 1543
1743441277301 4.127408500909805 1544
1743441284542 3.8732908749580384 1545
1743441291382 3.9095141372084616 1546
1743441298505 3.271752301156521 1547
1743441305175 2.1713449013233186 1548
1743441311924 3.6978193864226343 1549
1743441318866 3.7694080233573914 1550
1743441325813 3.8786726370453835 1551
1743441332912 3.7746438854932785 1552
1743441339847 3.4446974483132364 1553
1743441340449 3.4501680985093115 1554
1743441342459 2.972566409707069 1555
1743441349506 2.99760106831789 1556
1743441356426 3.068837701678276 1557
1743441363740 4.51568933159113 1558
1743441370337 2.481946936249733 1559
1743441377158 3.128989664018154 1560
1743441383592 3.094925321042538 1561
1743441390302 2.5333311104774476 1562
1743441396908 2.4775718891620637 1563
1743441403569 4.241996741890907 1564
1743441410188 3.5689750945568086 1565
1743441417044 2.273943920135498 1566
1743441417632 2.3602218675613402 1567
1743441424676 4.020463867783547 1568
1743441431505 3.2412668472528456 1569
1743441437829 3.995341596901417 1570
1743441444784 2.5102451013028624 1571
1743441451610 4.097191153466701 1572
1743441453741 3.9632366719841956 1573
1743441460511 2.1567715905606746 1574
1743441467326 3.0790301650762557 1575
1743441473717 2.9395848636329176 1576
1743441476238 3.3050976778566836 1577
1743441478221 3.3389310669898986 1578
1743441484698 4.412781348079443 1579
1743441491544 4.691828042566776 1580
1743441498545 2.70887929931283 1581
1743441505682 3.8238478614389897 1582
1743441512809 3.1926411005854605 1583
1743441513404 3.193946316540241 1584
1743441519913 2.6748276153206825 1585
1743441527124 3.367981511950493 1586
1743441534009 4.057437598407269 1587
1743441541343 3.397121829986572 1588
1743441548511 3.8525015607476236 1589
1743441555404 3.8146426558494566 1590
1743441557043 3.772271223664284 1591
1743441563770 3.361195819079876 1592
1743441570699 3.692819721996784 1593
1743441577454 4.041053927540779 1594
1743441584324 3.007050431370735 1595
1743441590987 3.8395335352420807 1596
1743441597692 3.8736412969231604 1597
1743441605592 4.641898770332336 1598
1743441608727 3.837078284919262 1599
1743441615868 3.4847317662835122 1600
1743441622953 3.586109970510006 1601
1743441629856 3.272760465890169 1602
1743441636410 5.5141498056054115 1603
1743441643294 2.749935784637928 1604
1743441649932 3.651858382821083 1605
1743441658437 3.6784833765029905 1606
1743441660115 3.669982863664627 1607
1743441665854 3.725574246942997 1608
1743441671076 3.7266548600792886 1609
1743441676402 4.013448019623756 1610
1743441676985 4.022094152569771 1611
1743441682232 3.992253909409046 1612
1743441687438 3.9161259973049165 1613
1743441691667 2.745511635541916 1614
1743441696952 3.680932557284832 1615
1743441702278 3.248452264368534 1616
1743441707389 3.757819174826145 1617
1743441712785 4.118805720508099 1618
1743441717914 4.574288250505925 1619
1743441723084 3.4806452943384647 1620
1743441728226 3.0966980458796023 1621
1743441733562 3.880507106781006 1622
1743441739083 2.5371239361166955 1623
1743441744443 2.5583093340694902 1624
1743441749582 3.9571174266934395 1625
1743441755024 3.0726806047558783 1626
1743441760392 2.989181789755821 1627
1743441765762 2.740375653654337 1628
1743441770904 3.9188638898730277 1629
1743441776301 3.562700748741627 1630
1743441781665 4.247953709363937 1631
1743441786868 2.5233303311467172 1632
1743441792078 3.442799977660179 1633
1743441797495 3.0796888783574103 1634
1743441802746 3.1965513303875923 1635
1743441808218 2.8358823758363725 1636
1743441813487 3.1435178557038306 1637
1743441818564 3.358049566447735 1638
1743441824049 2.438627102226019 1639
1743441829168 3.436085646748543 1640
1743441834431 3.6423042848706246 1641
1743441836387 3.808804794847965 1642
1743441841604 2.2439077425003053 1643
1743441846940 4.467130994796753 1644
1743441852289 2.692715460658073 1645
1743441857725 2.838647643327713 1646
1743441862810 2.807001458108425 1647
1743441863390 2.7924675312638283 1648
1743441868619 3.318360095024109 1649
1743441873921 3.44814034730196 1650
1743441879239 2.954090015590191 1651
1743441884467 3.074649371504784 1652
1743441889708 3.330225459039211 1653
1743441894930 3.03662627607584 1654
1743441900232 2.9637103256583215 1655
1743441905453 2.6831549268960955 1656
1743441910872 3.1845896384119987 1657
1743441916206 3.850270241498947 1658
1743441921489 2.280342175811529 1659
1743441926639 3.217504023015499 1660
1743441931826 3.377796420156956 1661
1743441937049 2.620679973959923 1662
1743441942302 3.0276493011415004 1663
1743441947781 2.3545429500937463 1664
1743441953149 2.6681277115643023 1665
1743441953723 2.6578169967234135 1666
1743441958762 3.609427097737789 1667
1743441963928 1.83741770491004 1668
1743441969165 2.419679642915726 1669
1743441974581 2.2007109139859677 1670
1743441979685 2.611542099714279 1671
1743441984878 2.8391413724422456 1672
1743441990009 2.113388761729002 1673
1743441995197 1.7740194284915924 1674
1743442000398 2.4870086826384066 1675
1743442002283 2.2655601443350317 1676
1743442007664 2.4869520385563373 1677
1743442013009 2.6254355084896086 1678
1743442018204 2.871442705094814 1679
1743442023402 2.790705867111683 1680
1743442023987 2.8309921100735664 1681
1743442029233 3.0506277763843537 1682
1743442034414 2.3412159061431885 1683
1743442034989 2.4494084012508393 1684
1743442040399 2.2997368398308753 1685
1743442045626 3.204671887755394 1686
1743442050684 2.3766986827552317 1687
1743442055800 2.7341588708758353 1688
1743442060936 2.0220670834183694 1689
1743442066233 2.531350447833538 1690
1743442071514 2.2664152574539185 1691
1743442076954 2.05341479614377 1692
1743442081882 2.5628356552124023 1693
1743442087354 2.403086387962103 1694
1743442087934 2.341479508727789 1695
1743442093006 2.228361850976944 1696
1743442094719 2.0421806702017786 1697
1743442100158 2.293490762859583 1698
1743442105350 2.626058049201965 1699
1743442105935 2.621482940465212 1700
1743442111133 2.077144416868687 1701
1743442116293 2.3563064466416836 1702
1743442121510 1.9456105946004392 1703
1743442126697 2.4473138695955274 1704
1743442131783 2.9503325590491296 1705
1743442137132 2.4322150894999504 1706
1743442142442 2.021565042436123 1707
1743442147930 2.0295480141043662 1708
1743442153172 3.227964462041855 1709
1743442158417 2.5584525182843207 1710
1743442163715 1.9350812584161758 1711
1743442169194 2.1709541937708856 1712
1743442174671 2.3178122933208942 1713
1743442179855 1.9884229531884194 1714
1743442184960 2.45247526422143 1715
1743442190142 2.4744198828935624 1716
1743442192063 2.462063265144825 1717
1743442197108 2.6854747262597085 1718
1743442200583 2.460352585315704 1719
1743442206120 1.7814637926220893 1720
1743442211409 2.59540056347847 1721
1743442213459 2.640419354438782 1722
1743442218734 1.8959376919269562 1723
1743442224026 2.2849459886550902 1724
1743442229152 2.1628330363333226 1725
1743442234504 1.8542959222197533 1726
1743442239857 2.1316480781137943 1727
1743442245194 1.8395526614785194 1728
1743442250537 2.1943437580764296 1729
1743442255803 1.917384972423315 1730
1743442261181 1.4701753962039947 1731
1743442266572 1.9162300296127797 1732
1743442271890 2.2741352716088294 1733
1743442272604 2.276318625509739 1734
1743442277879 2.2307851773500444 1735
1743442283244 2.165989394634962 1736
1743442284190 2.1621922358870505 1737
1743442289516 2.124086908698082 1738
1743442294741 1.821283610612154 1739
1743442299871 1.6246958290040494 1740
1743442305409 1.9522349974513054 1741
1743442306088 1.9528804695606232 1742
1743442311142 1.7288261096179485 1743
1743442312922 1.7028838622570037 1744
1743442318268 1.7784224589169026 1745
1743442323601 2.581394062191248 1746
1743442328794 2.5942678409814834 1747
1743442334327 1.928923196196556 1748
1743442339754 1.7305336932837962 1749
1743442344899 2.0463875842094423 1750
1743442345483 2.217304907441139 1751
1743442350847 1.451722528487444 1752
1743442356032 2.098627014160156 1753
1743442356736 2.1050212463736533 1754
1743442361926 2.1006772489845753 1755
1743442367060 1.9469241350889206 1756
1743442369633 1.7217355966567993 1757
1743442374919 2.2445680820941925 1758
1743442375501 2.2341833102703093 1759
1743442377107 2.246020899116993 1760
1743442378928 1.9733860422670841 1761
1743442384336 1.9368933323025703 1762
1743442389514 2.222711700797081 1763
1743442394927 2.230829286575317 1764
1743442400378 2.8656827712059023 1765
1743442405617 2.9167668905854227 1766
1743442410821 2.9072461593151093 1767
1743442412565 2.3609009572863577 1768
1743442418077 1.9841778603196145 1769
1743442423637 1.9945321001112462 1770
1743442428901 1.6399552044272423 1771
1743442429483 1.5904995748400688 1772
1743442434674 1.861187283694744 1773
1743442440116 2.407437390983105 1774
1743442445524 2.3663633236289026 1775
1743442450763 2.2119370913505554 1776
1743442456093 2.3485351702570916 1777
1743442461320 2.966515681743622 1778
1743442466573 2.5678895050287247 1779
1743442468486 2.5299195995926858 1780
1743442473769 2.1598981660604477 1781
1743442478973 3.8603650736808777 1782
1743442479862 3.4333534699678423 1783
1743442485197 2.7611974081397057 1784
1743442490604 3.493645953834057 1785
1743442496010 2.3134591916203497 1786
1743442501249 3.003600298166275 1787
1743442506646 3.197010819166899 1788
1743442510787 3.3551311177015304 1789
1743442516282 2.824978569149971 1790
1743442521525 2.46449022769928 1791
1743442526849 3.169412243962288 1792
1743442532372 3.7215008279681205 1793
1743442537802 2.803896073400974 1794
1743442542938 2.7784743711352347 1795
1743442548376 3.7524749863147737 1796
1743442554001 3.274707663357258 1797
1743442559321 4.789859374761582 1798
1743442564618 3.3115655198693275 1799
1743442569935 3.887975265979767 1800
1743442575403 3.0200363391637803 1801
1743442580613 3.867289415895939 1802
1743442586030 3.400633647739887 1803
1743442586607 3.395677460730076 1804
1743442591976 4.236794636249543 1805
1743442597329 4.676920855343342 1806
1743442602649 4.974095642864704 1807
1743442607894 3.807493124008179 1808
1743442613232 3.7244296850264074 1809
1743442613814 3.556301003843546 1810
1743442619338 5.70374356508255 1811
1743442620954 5.328171358406544 1812
1743442626439 3.8346588939428328 1813
1743442631764 4.7995862913131715 1814
1743442632338 4.7818570232391355 1815
1743442637666 3.9067312130331993 1816
1743442642848 4.977623547017575 1817
1743442648231 2.337112149298191 1818
1743442653532 3.7674097183346746 1819
1743442658927 4.301093644499779 1820
1743442659506 4.31743702352047 1821
1743442664928 3.133818197250366 1822
1743442670231 2.728696317225695 1823
1743442675535 3.7024206194281577 1824
1743442681136 2.0343289533257485 1825
1743442685263 4.150294315814972 1826
1743442690386 5.636441246271134 1827
1743442695800 5.1325506976246835 1828
1743442701004 3.961951000392437 1829
1743442706144 3.5403823521733284 1830
1743442711605 5.612079606056214 1831
1743442717131 4.535595670342445 1832
1743442722421 3.647531560957432 1833
1743442727553 4.735601612329483 1834
1743442732810 3.72028918504715 1835
1743442736170 2.6722760805487633 1836
1743442741166 4.633524667620659 1837
1743442746262 2.7483708199858667 1838
1743442751611 2.813102623671293 1839
1743442756932 4.470090588629246 1840
1743442762295 3.7444856858253477 1841
1743442765370 2.425622580945492 1842
1743442770582 4.912869521379471 1843
1743442775643 3.476349221765995 1844
1743442778743 3.422653883546591 1845
1743442784290 3.0117207753658293 1846
1743442789563 3.999438619315624 1847
1743442794879 4.321659368574619 1848
1743442800145 3.1569049072265627 1849
1743442805387 3.40975861042738 1850
1743442810605 4.013248827755451 1851
1743442815931 4.966397489011288 1852
1743442821414 4.045193956196308 1853
1743442826903 2.6965004175901415 1854
1743442832274 2.423531213104725 1855
1743442837898 4.698449649512768 1856
1743442843333 3.8649393299221995 1857
1743442848628 3.912170761525631 1858
1743442854226 4.1822551047801975 1859
1743442859565 3.0613079735636712 1860
1743442864761 3.892490940988064 1861
1743442869988 2.733411009311676 1862
1743442875353 3.3656730324029924 1863
1743442880568 3.589346896111965 1864
1743442885859 3.312471992075443 1865
1743442891358 4.821981914639473 1866
1743442896602 3.8862415140867235 1867
1743442897455 4.1444464483857155 1868
1743442902616 3.1953393086791038 1869
1743442907967 2.157588296532631 1870
1743442913407 2.829031098783016 1871
1743442918442 3.6585933101177215 1872
1743442923604 3.0565223693847656 1873
1743442928989 2.260624485909939 1874
1743442934408 3.0773286935687065 1875
1743442939701 3.8683979120850562 1876
1743442945037 3.4316447433829307 1877
1743442950289 3.2477111457288266 1878
1743442955557 3.0086227077245713 1879
1743442960779 3.9165377789735794 1880
1743442966081 2.9460383622348307 1881
1743442971334 4.185896140038967 1882
1743442976551 3.799653823375702 1883
1743442978137 3.223114903271198 1884
1743442983263 2.7436296746134756 1885
1743442988548 4.589627831578254 1886
1743442993800 3.8094175362586977 1887
1743442999147 4.336784851551056 1888
1743443004353 3.8062699827551842 1889
1743443009455 4.219733897447586 1890
1743443014548 4.317674770057201 1891
1743443019573 3.2650273966789247 1892
1743443024831 3.049718449115753 1893
1743443030235 3.039066809117794 1894
1743443035514 2.6304960650205613 1895
1743443040752 4.303836379051209 1896
1743443041391 4.458613843917846 1897
1743443042990 4.781725259125233 1898
1743443048367 2.8015217673778534 1899
1743443053430 2.2999873910844326 1900
1743443058730 3.2355060750246047 1901
1743443064116 2.655005269795656 1902
1743443069316 2.2281674122810364 1903
1743443074554 3.042162182331085 1904
1743443079584 3.697078437209129 1905
1743443084846 3.6385253609716894 1906
1743443086762 3.187309075444937 1907
1743443088315 3.4270894701778887 1908
1743443093725 2.7616703280806543 1909
1743443097844 4.008192443847657 1910
1743443103161 2.9274295514822004 1911
1743443108449 3.6699497845768927 1912
1743443113880 2.852011103630066 1913
1743443119163 2.8802779585123064 1914
1743443125398 3.812303967177868 1915
1743443130747 3.4363556703925133 1916
1743443135910 4.360911629498005 1917
1743443141005 3.7637144321203233 1918
1743443146262 4.49676100820303 1919
1743443148211 4.1533031037449835 1920
1743443153536 5.03890449076891 1921
1743443154121 4.919200465977192 1922
1743443159426 4.278588698804379 1923
1743443164585 3.1410603967308997 1924
1743443169817 4.417260366678238 1925
1743443175193 3.747323205471039 1926
1743443176956 4.327690539360046 1927
1743443182153 3.554310668259859 1928
1743443187321 4.552610986828804 1929
1743443192889 2.4818643906712534 1930
1743443198169 3.876419899761677 1931
1743443203488 3.3273168939352034 1932
1743443208793 4.8672918063402175 1933
1743443213882 2.4340715108811857 1934
1743443219232 2.8300726041197777 1935
1743443224629 3.5393917667865753 1936
1743443230112 4.597659749388694 1937
1743443235383 3.5186877930164338 1938
1743443240468 4.49499774068594 1939
1743443245626 4.5116719383001325 1940
1743443246201 4.410604719519615 1941
1743443251540 3.833042987585068 1942
1743443256859 3.536574203968048 1943
1743443262168 4.4566346561908725 1944
1743443267547 4.583998651206493 1945
1743443272764 3.0357630223035814 1946
1743443277939 5.910466805100441 1947
1743443283138 3.3541490414738657 1948
1743443288319 4.69006621748209 1949
1743443293624 2.7058115801215172 1950
1743443298935 2.898802980482578 1951
1743443304134 3.8552419197559358 1952
1743443304713 3.8565293562412264 1953
1743443306538 4.470902218222618 1954
1743443311724 3.728154773414135 1955
1743443317024 4.358931278288364 1956
1743443319760 3.9349409356713294 1957
1743443325304 4.632908767461776 1958
1743443330502 4.529212184548378 1959
1743443335789 3.6244492030143736 1960
1743443336367 3.6177401161193847 1961
1743443341662 4.953775740563869 1962
1743443343609 5.009600489735603 1963
1743443348781 3.3646815395355225 1964
1743443354124 3.8045684164762497 1965
1743443359466 4.065737392902374 1966
1743443364642 4.230397015810013 1967
1743443369906 3.8044899678230286 1968
1743443372030 4.0290044155716895 1969
1743443373686 3.514458006620407 1970
1743443379061 3.514246166944504 1971
1743443384352 3.8613370659947397 1972
1743443389707 3.8202017644047737 1973
1743443394887 4.911306350231171 1974
1743443400003 5.742979517281055 1975
1743443403567 5.080291291773319 1976
1743443408573 3.3920834413170815 1977
1743443413671 6.3470923134684565 1978
1743443419023 5.048384212851524 1979
1743443424225 4.925648384094238 1980
1743443429379 5.761283023953438 1981
1743443434598 6.046120853424072 1982
1743443439867 5.93703448176384 1983
1743443445091 5.348595812618733 1984
1743443450350 5.38260113120079 1985
1743443456001 6.691939626634121 1986
1743443457630 6.794687904417515 1987
1743443463019 6.069798402190209 1988
1743443468306 5.14781932592392 1989
1743443473569 7.416017488837242 1990
1743443478825 6.147649277746678 1991
1743443483969 4.484079595804214 1992
1743443489362 6.08850723028183 1993
1743443489936 6.101643643379211 1994
1743443495297 3.7801225852966307 1995
1743443495883 3.777590121626854 1996
1743443501151 5.415302676260471 1997
1743443506485 8.176171408295632 1998
1743443507234 8.194339736104011 1999
1743443512660 6.138303651511669 2000
1743443517876 6.942442988753319 2001
1743443523370 4.759070969820023 2002
1743443528613 5.177172332406044 2003
1743443533904 3.8791398745775223 2004
1743443539366 6.12174593269825 2005
1743443544493 7.338212452530861 2006
1743443549940 3.9020939576625824 2007
1743443555312 5.397961804270745 2008
1743443560538 5.257249485254288 2009
1743443565926 5.158846542239189 2010
1743443571221 9.937267047166824 2011
1743443576275 5.4110753536224365 2012
1743443581338 6.111382655203342 2013
1743443586857 7.214680468440056 2014
1743443592177 6.060966293215752 2015
1743443597310 8.041468063890933 2016
1743443602682 6.283554731011391 2017
1743443608084 5.937547840476036 2018
1743443613268 8.644538635015488 2019
1743443618548 7.240226844549179 2020
1743443624081 5.714920129776001 2021
1743443629394 7.47878393471241 2022
1743443634759 6.213398469090461 2023
1743443640023 7.027206366062164 2024
1743443645175 5.688836603164673 2025
1743443650688 6.212709141373634 2026
1743443655813 8.193720911741257 2027
1743443661030 7.197296588718891 2028
1743443661607 7.193515174686909 2029
1743443666702 11.764285911917687 2030
1743443671907 4.573615081906318 2031
1743443677104 7.01857823908329 2032
1743443682118 5.703768355250358 2033
1743443687017 7.026286598443985 2034
1743443692616 8.164190123081207 2035
1743443697760 9.284227560758591 2036
1743443703171 9.871562213301658 2037
1743443708555 11.763442840576172 2038
1743443713732 11.042492384910583 2039
1743443718915 9.836984151601792 2040
1743443720625 11.554938777089118 2041
1743443726008 5.880342133641243 2042
1743443726587 5.872334534525871 2043
1743443731687 5.562870279252529 2044
1743443736799 9.321059817671776 2045
1743443741944 11.132916185855866 2046
1743443747107 8.050575509667397 2047
1743443752466 11.546503843069077 2048
1743443757551 6.450923082828521 2049
1743443762910 10.70935529589653 2050
1743443767959 11.233277707099914 2051
1743443769546 11.098294819593429 2052
1743443774593 15.006095885038375 2053
1743443779678 8.9712464427948 2054
1743443785099 12.835695623159408 2055
1743443790109 10.635130406022071 2056
1743443791776 10.796422002911568 2057
1743443797003 10.577269867658615 2058
1743443802314 9.203623039722443 2059
1743443807523 19.971307935714723 2060
1743443812636 16.796233303546906 2061
1743443817765 14.912597179412842 2062
1743443823158 9.853444036245346 2063
1743443828565 12.626511251926422 2064
1743443830742 12.310659812688828 2065
1743443835790 11.136155097484588 2066
1743443836364 11.203277065753937 2067
1743443841463 11.931677690148353 2068
1743443846753 10.999229673147202 2069
1743443852210 9.989716312885285 2070
1743443857478 12.516966121196747 2071
1743443862712 11.280154133439064 2072
1743443868190 14.522985357046128 2073
1743443873548 13.539422206282616 2074
1743443878886 8.206441589593886 2075
1743443879455 8.194624477624894 2076
1743443884841 10.235622406601905 2077
1743443885406 10.248500338196754 2078
1743443890670 17.00055040717125 2079
1743443892616 14.717095724344254 2080
1743443897806 9.540967926979064 2081
1743443902925 11.841840287446976 2082
1743443904623 15.656942298412323 2083
1743443909782 9.807193828821182 2084
1743443915309 19.997442239522933 2085
1743443920509 17.183232686519624 2086
1743443925728 18.38658460855484 2087
1743443931041 21.99473304629326 2088
1743443936271 20.315755942463873 2089
1743443941712 14.02745963394642 2090
1743443947004 9.557584536075591 2091
1743443952031 13.129474606513977 2092
1743443957174 11.702421590089799 2093
1743443962188 12.187496111392974 2094
1743443967349 12.812132483720779 2095
1743443972425 19.162923642396926 2096
1743443977711 17.08770746946335 2097
1743443983076 16.779290924072267 2098
1743443988459 20.905963287353515 2099
1743443993714 10.150697026252747 2100
1743443998919 14.140394637584686 2101
1743444004047 16.539266443252565 2102
1743444005664 17.190657131671905 2103
1743444010726 16.7628217625618 2104
1743444015906 32.047737262248994 2105
1743444021123 20.75251834988594 2106
1743444021956 17.249330924749373 2107
1743444027199 19.210630068778993 2108
1743444032321 22.48293912291527 2109
1743444037515 17.148692651987076 2110
1743444042977 19.020733625888823 2111
1743444048357 26.307613863945008 2112
1743444053384 21.952176164388657 2113
1743444058527 16.249078406095506 2114
1743444063752 13.53385206580162 2115
1743444065972 14.399644223451615 2116
1743444071194 14.48962933421135 2117
1743444076237 24.228242309093474 2118
1743444081758 24.111517239809036 2119
1743444087099 21.352530907988548 2120
1743444092346 21.343501278162 2121
1743444097421 23.705381335020064 2122
1743444102580 24.78405945420265 2123
1743444107712 21.321439102888107 2124
1743444112986 50.72530326962471 2125
1743444118535 25.77208256483078 2126
1743444123733 35.835098185539245 2127
1743444128796 19.502637927532195 2128
1743444133934 26.82325482606888 2129
1743444139035 19.97668119430542 2130
1743444144076 29.609464037418366 2131
1743444149376 33.93380891084671 2132
1743444154926 24.346736242771147 2133
1743444160131 30.486758143901824 2134
1743444165436 37.55119304895401 2135
1743444170693 34.96539242506027 2136
1743444175726 41.50885344028473 2137
1743444180859 47.21798465490341 2138
1743444184284 56.082585732936856 2139
1743444189340 44.91290907382965 2140
1743444191262 44.301666829586026 2141
1743444196473 29.920963569879532 2142
1743444201725 44.133595786094666 2143
1743444207118 39.68072952270508 2144
1743444212111 39.611875697374344 2145
1743444214008 23.279783284664155 2146
1743444219331 41.530531771183014 2147
1743444224393 42.91232787132263 2148
1743444229565 31.621884837150574 2149
1743444234612 41.12282794713974 2150
1743444239660 34.674758443832395 2151
1743444244893 37.79104693174362 2152
1743444250138 39.18333046197891 2153
1743444255365 39.872249106168745 2154
1743444260480 52.64911097764969 2155
1743444265514 60.09207878828049 2156
1743444270429 41.35870322465897 2157
1743444271003 41.43777033090591 2158
1743444276262 57.594154300689695 2159
1743444281527 33.21450149297714 2160
1743444282258 33.23848133802414 2161
1743444287382 52.590387661457065 2162
1743444292604 29.72732600212097 2163
1743444297694 49.35384497642517 2164
1743444302991 38.29943133592606 2165
1743444308021 44.02923562049866 2166
1743444313242 55.17812242269516 2167
1743444318417 43.65189417362213 2168
1743444320256 48.11824170589447 2169
1743444325420 46.814556024074555 2170
1743444330503 46.23857938528061 2171
1743444335628 48.79314960718155 2172
1743444340851 40.93700406312942 2173
1743444346196 54.86118992328644 2174
1743444351622 46.121251895427704 2175
1743444352204 46.1192457985878 2176
1743444357336 67.71231252670287 2177
1743444362527 56.336699528694155 2178
1743444367875 31.254831607341767 2179
1743444373247 43.04800496816635 2180
1743444373896 51.72196375131607 2181
1743444379171 39.450330491065976 2182
1743444384218 63.46206958174705 2183
1743444389481 39.4474059343338 2184
1743444394752 57.038028938770296 2185
1743444399892 70.0265229845047 2186
1743444405071 39.3032226395607 2187
1743444410301 63.32891025543213 2188
1743444415570 53.97764565706253 2189
1743444420679 62.62869496107101 2190
1743444425862 60.862515292167664 2191
1743444430981 53.113991355896 2192
1743444436250 72.17185916185379 2193
1743444441381 71.49359479427338 2194
1743444442098 65.9073219537735 2195
1743444447231 46.9971568608284 2196
1743444452614 63.69785522460938 2197
1743444457624 63.02066992759705 2198
1743444462614 65.29651372909547 2199
1743444465152 50.32952628612518 2200
1743444470257 67.00499194145203 2201
1743444475488 50.35442149162292 2202
1743444480751 62.71288159132004 2203
1743444486004 51.586806259155274 2204
1743444491007 52.67593236923218 2205
1743444496276 71.6042642402649 2206
1743444501420 80.50475606918334 2207
1743444506618 67.25670295476914 2208
1743444511801 69.71619178295136 2209
1743444517378 70.15653211593627 2210
1743444522371 66.78061083316803 2211
1743444527691 72.57319030761718 2212
1743444532898 99.94362983465194 2213
1743444538218 87.49724025964737 2214
1743444543530 73.80096306085586 2215
1743444548721 56.87585847616196 2216
1743444554080 71.77601472854614 2217
1743444554658 71.78242499828339 2218
1743444559839 54.15942595481872 2219
1743444564940 84.08123669147491 2220
1743444570051 60.58967566490173 2221
1743444575290 108.47408943176269 2222
1743444580632 66.3088031077385 2223
1743444585807 82.8993026995659 2224
1743444591090 58.11841836214066 2225
1743444596367 82.03623909950257 2226
1743444598941 76.86487047195435 2227
1743444604143 59.42738635778427 2228
1743444609334 70.4060911655426 2229
1743444614498 65.5027773809433 2230
1743444619908 140.24064490795135 2231
1743444625146 68.40115367889405 2232
1743444630650 114.01165349960327 2233
1743444635996 89.57649454593658 2234
1743444641076 77.23738368988037 2235
1743444646289 37.84946778059006 2236
1743444651583 110.60100287437439 2237
1743444656795 84.50413444519043 2238
1743444662285 89.88886569023133 2239
1743444662863 89.9067006444931 2240
1743444668071 123.26402784824371 2241
1743444673140 102.02091309547424 2242
1743444678389 101.5673118686676 2243
1743444683367 89.093701171875 2244
1743444688587 84.66759363174438 2245
1743444693912 85.46110483169555 2246
1743444699464 90.44754156112671 2247
1743444704950 78.97734000682831 2248
1743444710361 109.57130169391633 2249
1743444715798 90.06562892436982 2250
1743444721046 87.51991485595703 2251
1743444726564 111.47159018993378 2252
1743444728977 88.0005027961731 2253
1743444734272 130.99152704238892 2254
1743444734847 140.75504613876342 2255
1743444739949 69.50867217540741 2256
1743444745115 118.20544356822967 2257
1743444750160 125.2461006641388 2258
1743444755593 64.80764095783233 2259
1743444761077 82.75290038585663 2260
1743444766239 118.28415377140045 2261
1743444771532 95.16362655162811 2262
1743444776762 145.21847722053528 2263
1743444777349 144.9831493663788 2264
1743444782495 120.89526437759399 2265
1743444787868 93.3565009689331 2266
1743444792948 73.63318471908569 2267
1743444798164 98.38660598278045 2268
1743444803395 111.06597137451172 2269
1743444808494 84.04441111087799 2270
1743444813787 146.76929127693177 2271
1743444819093 94.16283275127411 2272
1743444824674 73.90739971160889 2273
1743444825258 73.8898332118988 2274
1743444830534 56.64975480079651 2275
1743444835901 141.392083067894 2276
1743444840998 105.98466527938842 2277
1743444842768 89.57917378425599 2278
1743444848162 66.31921298027038 2279
1743444853341 98.17450772762298 2280
1743444858661 88.0536208152771 2281
1743444863903 104.55509602546692 2282
1743444869090 147.1298743724823 2283
1743444874446 92.91492438793182 2284
1743444879426 98.19072044372558 2285
1743444884677 124.72801355838776 2286
1743444890100 91.74745020389557 2287
1743444895240 107.41762849330902 2288
1743444900352 154.6466466140747 2289
1743444905510 82.08595323085785 2290
1743444910663 120.00865952014924 2291
1743444915725 89.95199721336365 2292
1743444920931 153.5409632778168 2293
1743444926250 76.82241595268249 2294
1743444931591 105.99041711807251 2295
1743444936814 139.36420604228974 2296
1743444942147 153.68250745773315 2297
1743444947219 135.02013588905334 2298
1743444952549 150.35931717395783 2299
1743444958127 95.7405644416809 2300
1743444963599 98.42370529651642 2301
1743444968642 136.5079645347595 2302
1743444971527 170.3039433479309 2303
1743444976732 136.33939736366273 2304
1743444982046 117.1059537410736 2305
1743444987104 160.91378484249114 2306
1743444992364 148.46822986602783 2307
1743444997435 127.58126838207245 2308
1743445002726 179.1436605024338 2309
1743445007860 176.0407735013962 2310
1743445012938 120.03422362327575 2311
1743445013511 120.11704827308655 2312
1743445015085 117.28023359298706 2313
1743445020263 119.51702451229096 2314
1743445025568 134.63163424968718 2315
1743445030764 98.51381360054016 2316
1743445035844 111.03856001853943 2317
1743445041091 115.1219584274292 2318
1743445046140 120.08744939804077 2319
1743445052433 127.28843082427979 2320
1743445057584 206.5804974555969 2321
1743445063050 166.0497055721283 2322
1743445068232 160.3611824989319 2323
1743445073408 180.66982285499572 2324
1743445078415 186.8961501121521 2325
1743445083718 167.21475315093994 2326
1743445088861 125.2390531539917 2327
1743445093895 162.22387716293335 2328
1743445099319 215.9911652946472 2329
1743445104568 146.38716805458068 2330
1743445109539 177.9330795240402 2331
1743445114733 113.20358607292175 2332
1743445119966 178.22891885757446 2333
1743445125100 256.12243467330933 2334
1743445130517 125.49351379394531 2335
1743445135560 204.99093591690064 2336
1743445140788 161.32487974643706 2337
1743445146151 180.67329973220825 2338
1743445151368 179.7297345352173 2339
1743445156439 181.1562129497528 2340
1743445161650 117.25261891365051 2341
1743445166739 144.7503284549713 2342
1743445172157 149.80443559646608 2343
1743445177796 166.04460271835327 2344
1743445183064 169.65756843566894 2345
1743445188348 94.97844116210938 2346
1743445193834 223.25210666656494 2347
1743445199007 170.43440739631652 2348
1743445204224 172.998312625885 2349
1743445209676 241.17798396110535 2350
1743445214927 136.72347644805907 2351
1743445220432 174.6503200531006 2352
1743445225744 180.83409358978273 2353
1743445231012 278.9543512821198 2354
1743445236305 174.4202610206604 2355
1743445241684 231.38312870025635 2356
1743445247185 236.20820722579955 2357
1743445252424 298.7217189502716 2358
1743445257499 220.252664604187 2359
1743445262771 155.98810767173768 2360
1743445268128 253.11059794425964 2361
1743445273543 165.74705812454224 2362
1743445278898 255.47145247459412 2363
1743445284075 304.47499199867246 2364
1743445289401 321.2293357086182 2365
1743445289979 321.0822952270508 2366
1743445295166 179.4879584980011 2367
1743445300346 249.88637965202332 2368
1743445305646 285.29866522789 2369
1743445310816 340.5072319316864 2370
1743445316226 215.53583276748657 2371
1743445321373 191.21789175987243 2372
1743445326636 469.5429693126678 2373
1743445331778 249.03160029411316 2374
1743445337048 360.7873144054413 2375
1743445342260 265.83256031036376 2376
1743445347379 264.3996549701691 2377
1743445352837 316.53789419174194 2378
1743445357922 408.66137714385985 2379
1743445362989 318.9724362182617 2380
1743445368062 367.36062595367434 2381
1743445373172 255.45013056755067 2382
1743445378267 252.02950330734254 2383
1743445383326 214.7644731235504 2384
1743445388624 314.8221799659729 2385
1743445393697 259.85701509475706 2386
1743445398937 365.057119178772 2387
1743445404335 437.58728307724 2388
1743445409408 423.6269442176819 2389
1743445414597 305.6270575714111 2390
1743445419849 504.7375881195068 2391
1743445424992 361.7246300506592 2392
1743445430261 309.9967428588867 2393
1743445435442 222.03922732353212 2394
1743445440719 343.19006286621095 2395
1743445446147 342.32082414627075 2396
1743445451475 455.7269179916382 2397
1743445456606 326.64701912879946 2398
1743445462176 569.3478082084656 2399
1743445462759 569.548382472992 2400
1743445468142 454.266180973053 2401
1743445473415 438.71118257522585 2402
1743445478526 273.8290736579895 2403
1743445483666 508.92924438476564 2404
1743445488713 684.1013898658753 2405
1743445493952 535.138389453888 2406
1743445499205 482.4117676734924 2407
1743445504283 446.90300926208494 2408
1743445506607 366.90715631484983 2409
1743445511677 425.82831052780153 2410
1743445513649 478.7161160850525 2411
1743445518871 518.337408733368 2412
1743445524139 367.28259044647217 2413
1743445529282 462.3769411849976 2414
1743445534603 339.64153118133544 2415
1743445540134 340.55263683319095 2416
1743445546454 658.5464231491089 2417
1743445551889 538.6090451812744 2418
1743445557413 446.87385883331297 2419
1743445562599 390.8504489326477 2420
1743445567861 369.74963581085206 2421
1743445573075 440.27385667800905 2422
1743445578363 506.8415228271484 2423
1743445578956 506.6420022583008 2424
1743445584166 373.1690642166138 2425
1743445589553 559.8978837394715 2426
1743445594758 664.586329574585 2427
1743445599981 400.47054277420045 2428
1743445605196 439.0678787612915 2429
1743445610466 451.732716293335 2430
1743445615643 409.03875865936277 2431
1743445620705 538.8596621131896 2432
1743445626198 467.3233387374878 2433
1743445631384 431.9012726402283 2434
1743445636861 706.5700830078125 2435
1743445642200 908.7261647033691 2436
1743445647506 484.935780544281 2437
1743445652974 625.7772576713562 2438
1743445658161 646.7005641937255 2439
1743445663316 872.224468460083 2440
1743445668655 510.3732751846313 2441
1743445674265 506.0524429130554 2442
1743445679352 656.5488590812683 2443
1743445684548 629.5462535858154 2444
1743445689585 460.90561111450194 2445
1743445694657 548.9984471702576 2446
1743445700158 541.9403178215027 2447
1743445705352 664.7226121139527 2448
1743445710519 764.2383025741577 2449
1743445715788 570.841856212616 2450
1743445716372 570.9577024650574 2451
1743445716953 527.4720881843567 2452
1743445722156 600.8578461074829 2453
1743445727183 555.9618297958374 2454
1743445732716 534.2555135345459 2455
1743445738023 667.2605500030518 2456
1743445743085 541.5396552085876 2457
1743445748274 637.9774740219116 2458
1743445753318 625.4156406402587 2459
1743445758576 645.4394570159913 2460
1743445763719 799.8282229614258 2461
1743445769250 513.680431098938 2462
1743445774441 779.0089669036865 2463
1743445779561 551.1741884422303 2464
1743445784860 749.8150760269165 2465
1743445790135 707.6318923950196 2466
1743445795452 856.9229150009155 2467
1743445800653 771.2678216934204 2468
1743445806085 670.6295490264893 2469
1743445811394 642.9834686279297 2470
1743445816480 986.6647151184083 2471
1743445821667 935.540552406311 2472
1743445823847 876.8701761245727 2473
1743445828936 805.2408062362671 2474
1743445834376 802.295052909851 2475
1743445839664 894.5971583175659 2476
1743445845053 744.1882374191284 2477
1743445850286 917.666431388855 2478
1743445855531 841.5223183822632 2479
1743445860763 808.8839175796509 2480
1743445866022 906.6408117294311 2481
1743445871150 788.1251291656495 2482
1743445871877 761.7179782867431 2483
1743445877230 685.4437674331665 2484
1743445882815 990.8532421875 2485
1743445888095 984.6622245788574 2486
1743445893256 954.6282474517823 2487
1743445898278 743.777896347046 2488
1743445903389 1122.340804862976 2489
1743445904134 1108.3654069900513 2490
1743445909609 878.9305855560302 2491
1743445915179 838.388152885437 2492
1743445921026 792.2911334609985 2493
