1743431795118 -52.533227547324536 0
1743431799633 -43.59186647084234 1
1743431804166 -57.05530349646355 2
1743431808563 -44.44421155308709 3
1743431812970 -70.4770031154505 4
1743431817247 -58.90223071396255 5
1743431822300 -51.40155526750333 6
1743431828686 -69.7180623530094 7
1743431834866 -47.86679766951225 8
1743431841756 -50.81408730142242 9
1743431848734 -66.22147922350028 10
1743431855198 -56.09474956088315 11
1743431861851 -55.625366989706464 12
1743431862445 19.7471689442442 13
1743431869156 -71.09276283316682 14
1743431876234 -44.311953658876405 15
1743431882533 -67.6753589787929 16
1743431883109 19.74040735919831 17
1743431884379 28.994171946892415 18
1743431891148 -51.34419119541105 19
1743431897701 -58.98073236560495 20
1743431904524 -45.97474560722577 21
1743431910948 -61.285620581522394 22
1743431917945 -70.19786413372874 23
1743431924743 -52.34695581934147 24
1743431931448 -44.36761293394588 25
1743431938076 -55.53161651455344 26
1743431945135 -49.66452304213883 27
1743431945721 19.736337102377025 28
1743431952091 -65.43048716822359 29
1743431958657 -65.18289029236266 30
1743431965223 -59.172755331589116 31
1743431971842 -55.252395952069946 32
1743431979168 -51.07753700667941 33
1743431986216 -54.969088262032926 34
1743431993152 -25.634129099300615 35
1743432000557 -56.9214764269083 36
1743432007591 -67.16994807803509 37
1743432013767 -36.55208759326594 38
1743432020050 -56.74977595172649 39
1743432027262 -39.24930144474521 40
1743432034188 -57.781616660606865 41
1743432040666 -51.37454437672057 42
1743432047851 -54.57296086836916 43
1743432054595 -46.304136140817114 44
1743432061949 -46.20075516100605 45
1743432068754 -82.99853956977499 46
1743432075492 -49.626991529865435 47
1743432082588 -70.72035269489504 48
1743432089345 -61.39544909978767 49
1743432095933 -49.2337570031404 50
1743432103198 -61.29001248601635 51
1743432110141 -48.49485429606246 52
1743432116585 -64.25431194076538 53
1743432123278 -68.70282617086696 54
1743432130074 -50.29668694576492 55
1743432136916 -62.30436959082319 56
1743432143815 -62.02203995113847 57
1743432150681 -73.9837819111347 58
1743432157509 -63.14479982781198 59
1743432164265 -64.32677730745783 60
1743432171123 -48.052726422814615 61
1743432177748 -68.28315771639826 62
1743432184274 -56.68938950068388 63
1743432191184 -48.36466860479334 64
1743432198031 -66.07555906454975 65
1743432204737 -57.953686329195 66
1743432211276 -50.53638718466081 67
1743432217895 -78.86734971870864 68
1743432224733 -68.81218661395428 69
1743432231426 -63.44924260003904 70
1743432238312 -59.32679181359378 71
1743432245026 -50.165185129965906 72
1743432251692 -72.66141878272188 73
1743432258223 -65.78358158761134 74
1743432265263 -49.7372058201163 75
1743432271960 -44.137055463215766 76
1743432278907 -60.263894281166415 77
1743432285653 -47.282354289952636 78
1743432292634 -53.1350202622872 79
1743432299526 -42.928797097608744 80
1743432306775 -43.59891104582742 81
1743432313527 -47.06490639992749 82
1743432320735 -55.278782626130834 83
1743432327905 -46.56130668490723 84
1743432334991 -62.35897174532849 85
1743432341091 -62.25789953899786 86
1743432347982 -51.425289173683886 87
1743432354849 -59.3097542326454 88
1743432361676 -65.68078645859408 89
1743432368579 -60.55239308490731 90
1743432375322 -57.18895721779158 91
1743432382003 -46.75698033262627 92
1743432382687 19.77241894631037 93
1743432389287 -65.41480968973922 94
1743432395398 -63.68392034656188 95
1743432401937 -38.5875825623859 96
1743432408554 -59.01521273645543 97
1743432415110 -41.09444752719433 98
1743432422235 -50.32621429900492 99
1743432424233 16.721242549137017 100
1743432431236 -74.10264922219086 101
1743432438002 -42.92177758280859 102
1743432444475 -42.560913310535305 103
1743432451165 -58.343160128905254 104
1743432457898 -46.06315659791461 105
1743432464624 -59.4807100131566 106
1743432471809 -52.86551417676329 107
1743432479015 -45.853749734127824 108
1743432485771 -63.825779899321844 109
1743432492182 -51.537449151969454 110
1743432498435 -61.83402118747186 111
1743432505257 -37.575630905192625 112
1743432512286 -55.64426791268731 113
1743432519977 -57.3636124327887 114
1743432527112 -68.49857046925608 115
1743432534069 -52.363085042361604 116
1743432536135 -4.673946181499463 117
1743432542478 -47.64322742493771 118
1743432549521 -62.86488560994393 119
1743432555994 -65.80139963895031 120
1743432562506 -24.441164546872994 121
1743432569586 -29.184251973885807 122
1743432577571 -58.06586215849637 123
1743432585095 -59.106860403063266 124
1743432591983 -54.225984611715255 125
1743432599620 -18.46731480539791 126
1743432605807 -44.76610174196466 127
1743432612519 -47.495998370786175 128
1743432619365 -73.23170906093725 129
1743432626071 -33.994481242303905 130
1743432632608 -48.742169136230004 131
1743432639334 -61.32604755102766 132
1743432645758 -71.63154979938255 133
1743432652139 -53.346624420170926 134
1743432658879 -71.43815554701939 135
1743432665302 -62.209171704823234 136
1743432672191 -60.890477543348446 137
1743432678704 -57.76116679735864 138
1743432685261 -61.29052802158206 139
1743432691663 -43.553330562564305 140
1743432699007 -82.98658606599588 141
1743432705591 -58.58435798777505 142
1743432712304 -52.12643608618314 143
1743432719261 -61.70516905222625 144
1743432725987 -60.39845325452671 145
1743432732896 -68.20781828393352 146
1743432739395 -43.7692623777158 147
1743432745901 -67.5968260173039 148
1743432752208 -25.144183664004778 149
1743432758423 -56.533294348600634 150
1743432764686 -39.74454464275513 151
1743432767005 -7.058859440209868 152
1743432773879 -48.310407648698785 153
1743432780890 -70.25368540144096 154
1743432781465 19.676540990909754 155
1743432782476 17.847022418889807 156
1743432789025 -68.36419974644615 157
1743432795518 -50.564665558136454 158
1743432802459 -67.28136901579742 159
1743432809111 -51.467396429938354 160
1743432815814 -53.90405200387504 161
1743432822290 -47.26625684658274 162
1743432828817 -40.551852111140555 163
1743432835180 -65.11976822625088 164
1743432842087 -56.29340589931557 165
1743432848813 -59.6450983788326 166
1743432855498 -40.587877861414825 167
1743432862316 -65.17013329196334 168
1743432868864 -48.208715335001216 169
1743432875644 -74.64988432617494 170
1743432882332 -58.65711017181632 171
1743432889326 -49.19296165420651 172
1743432895902 -42.089684954122895 173
1743432902439 -58.454771131608666 174
1743432908993 -65.40952403798183 175
1743432915437 -26.061907635468874 176
1743432921641 -71.1292421016861 177
1743432928285 -29.106587224930735 178
1743432934839 -65.33175515240823 179
1743432940955 -61.577663614114186 180
1743432947817 -55.87765774831006 181
1743432954064 -62.1664404007596 182
1743432960416 -55.81280878788586 183
1743432962373 -5.127399840970663 184
1743432969154 -51.89187573150483 185
1743432975835 -59.67974745216168 186
1743432982241 -64.96070074322351 187
1743432988770 -42.13000976296719 188
1743432995331 -66.74987526862269 189
1743433002172 -81.92451665196674 190
1743433008831 -53.81596243901761 191
1743433014975 -46.86114998217751 192
1743433021680 -48.06745269363683 193
1743433028000 -50.14533951690317 194
1743433034694 -62.46258881040737 195
1743433041846 -49.057076700574854 196
1743433042416 19.73383301936122 197
1743433048992 -39.73181809230563 198
1743433050888 -6.495533030897844 199
1743433057451 -58.497800698008824 200
1743433064134 -73.53689969286403 201
1743433070775 -66.00893087279822 202
1743433074656 -25.301730779164505 203
1743433080994 -54.535506290224845 204
1743433081584 19.756405428533075 205
1743433088283 -53.98992555912501 206
1743433095006 -53.79026067978772 207
1743433096887 -3.7022320102172186 208
1743433103481 -10.934504551753673 209
1743433109733 -52.98590261590783 210
1743433116232 -52.874148061324775 211
1743433122824 -75.91776434764913 212
1743433129316 -62.34361607818053 213
1743433129898 19.72393707803797 214
1743433136608 -48.57756343766158 215
1743433142911 -38.63205553918986 216
1743433144775 -3.374093959964724 217
1743433151460 -52.112569423742656 218
1743433157798 -62.56738155379262 219
1743433164224 -47.56155514120867 220
1743433170796 -39.912388098311936 221
1743433177131 -67.75040233694205 222
1743433183665 -48.70519039401695 223
1743433184248 19.73999298346159 224
1743433190901 -63.20593428007007 225
1743433197382 -39.290785111169996 226
1743433204163 -52.23308806606569 227
1743433210751 -56.02783491109004 228
1743433217336 -72.7479766503253 229
1743433217901 19.69683228425147 230
1743433224155 -83.58481296519804 231
1743433230748 -44.3265467814453 232
1743433237237 -48.102067148975735 233
1743433244112 -54.055213623135145 234
1743433244691 19.74562818718517 235
1743433251015 -63.591933115295376 236
1743433257704 -43.45887511960887 237
1743433263967 -53.89672385997141 238
1743433270756 -40.59230786130879 239
1743433277251 -50.38711061725052 240
1743433283416 -49.33424220716383 241
1743433289772 -60.799229059588114 242
1743433290346 19.710368896177986 243
1743433296557 -40.42431435615591 244
1743433303122 -70.63504501688057 245
1743433303909 19.769545132492986 246
1743433310107 -51.56846766973435 247
1743433316540 -66.74999585141379 248
1743433323197 -56.769663012440915 249
1743433329548 -50.53443705758388 250
1743433335764 -57.514665366005644 251
1743433342496 -41.54354465230362 252
1743433348962 -78.13528107138026 253
1743433355645 -63.0657771849513 254
1743433362048 -47.16831694135969 255
1743433368646 -54.37098618557182 256
1743433375349 -52.75004501095921 257
1743433381929 -49.74180728914711 258
1743433388387 -59.526459251905585 259
1743433394913 -79.24982600710489 260
1743433401097 -52.62519079504796 261
1743433407477 -61.002190056612335 262
1743433413957 -40.416391619074474 263
1743433420566 -51.76156580966962 264
1743433427262 -50.00415647470641 265
1743433433471 -48.45916111194008 266
1743433439744 -57.269207180108694 267
1743433446285 -43.93239676787744 268
1743433452762 -52.422292654669505 269
1743433459333 -71.23279782355579 270
1743433466128 -60.612329426174284 271
1743433473134 -57.34564684272073 272
1743433479963 -55.55426723395375 273
1743433486921 -60.29725750368843 274
1743433493845 -56.29887944177535 275
1743433500412 -60.76196353681726 276
1743433507200 -56.668859136284254 277
1743433514033 -64.93326919843575 278
1743433520919 -47.74341247019498 279
1743433527603 -68.14170603719135 280
1743433534436 -69.66286765401318 281
1743433540910 -43.39901634548864 282
1743433547615 -52.89891527690844 283
1743433554111 -47.74308788302719 284
1743433560930 -65.14973609241886 285
1743433567262 -54.90401649118416 286
1743433574093 -49.35977397375744 287
1743433581025 -59.70766519065872 288
1743433588108 -74.0594220776944 289
1743433595003 -58.86032881088914 290
1743433596027 17.906987384455928 291
1743433602812 -56.344650623864084 292
1743433609547 -32.023552412643205 293
1743433616544 -50.470560442257266 294
1743433623313 -47.84962346763642 295
1743433630002 -65.43720521976655 296
1743433630580 19.672925294391614 297
1743433636935 -64.47882673706468 298
1743433643366 -79.37736664669767 299
1743433649955 -41.42695012301505 300
1743433656536 -49.19623427860073 301
1743433663166 -60.86063154148567 302
1743433669743 -51.21100463122977 303
1743433676116 -48.69490731474541 304
1743433682753 -44.891645727124626 305
1743433683331 19.75862579568784 306
1743433689619 -55.73715247921094 307
1743433696318 -68.09539915732974 308
1743433702775 -70.2962816883702 309
1743433709503 -57.58830934201205 310
1743433712292 -13.8692747572868 311
1743433719266 -43.3940257268348 312
1743433725959 -66.8285795318647 313
1743433732697 -33.928113017334354 314
1743433739102 -37.0657896676665 315
1743433740128 26.987783111565896 316
1743433740715 19.731114525888483 317
1743433747121 -37.80407465564358 318
1743433753722 -53.00029883647625 319
1743433760139 -49.73589752128166 320
1743433766823 -52.92205467428651 321
1743433773165 -74.70379537010281 322
1743433779432 -43.539139874382116 323
1743433786142 -75.58117023166524 324
1743433792274 -42.79858096420165 325
1743433798598 -56.38685626222933 326
1743433805628 -51.4403021062206 327
1743433812202 -41.2311014566342 328
1743433818631 -65.73038501023281 329
1743433825268 7.920111459031973 330
1743433832005 -64.1088491220979 331
1743433832587 19.732795874452087 332
1743433839350 -56.99717155665338 333
1743433846039 -49.833171793521835 334
1743433852596 -62.74776549311433 335
1743433859358 -48.30705751577478 336
1743433865843 -66.00171214127315 337
1743433872704 -49.132827305747085 338
1743433879247 -44.29226270327588 339
1743433879926 19.732188720094705 340
1743433886572 -60.294134111100426 341
1743433892667 -49.28848684459907 342
1743433899342 -63.70672271614464 343
1743433906221 -70.56135998743547 344
1743433912930 -64.28487362546961 345
1743433913509 19.7678987277516 346
1743433920167 -41.56594077293602 347
1743433926657 -51.117582127696 348
1743433933363 -54.90724648098825 349
1743433940109 -45.46308970096911 350
1743433946855 -36.012645332528336 351
1743433953211 -66.86337947370998 352
1743433960145 -52.57778412299655 353
1743433967017 -47.563804000759795 354
1743433973394 -47.94150077047746 355
1743433979994 -67.36831462469978 356
1743433986717 -62.12829933622734 357
1743433992944 -59.732730969916034 358
1743433999547 -51.151109602400325 359
1743434006514 -44.07481048546689 360
1743434013315 -57.20607612888157 361
1743434020085 -60.867289888012934 362
1743434026868 -67.1822937739977 363
1743434027456 19.729286733517927 364
1743434034055 -74.32044003061357 365
1743434040837 -63.294601226558584 366
1743434047265 -47.930512262975775 367
1743434053859 -56.41458893197944 368
1743434060306 -68.18398726680785 369
1743434066823 -39.90235252957578 370
1743434070596 -15.382705456939537 371
1743434077882 -59.791590291930206 372
1743434084998 -51.10125371842708 373
1743434091818 -59.59089956681448 374
1743434098640 -47.46486360617417 375
1743434105367 -54.16913206389219 376
1743434111989 -67.33171724885464 377
1743434118461 -60.68407252755486 378
1743434125237 -62.86924114230101 379
1743434131974 -49.93257039814994 380
1743434138426 -46.68924413246968 381
1743434145042 -58.486803253679 382
1743434151321 -53.20593924222554 383
1743434151896 19.704816149892167 384
1743434154003 -5.317007330030605 385
1743434161097 -68.15232807029872 386
1743434167724 -55.98291623857956 387
1743434174539 -61.04494884301159 388
1743434181109 -39.9866590370408 389
1743434187533 -54.41824020618508 390
1743434193876 -54.453946376362765 391
1743434200744 -66.08724868886013 392
1743434201323 19.68645414146005 393
1743434207949 -53.82580931665169 394
1743434214923 -52.275597706929844 395
1743434221642 -64.15445224696637 396
1743434228337 -60.48830068945131 397
1743434235410 -77.12343117809078 398
1743434242295 -64.12460118615292 399
1743434249212 -61.54006541857505 400
1743434255909 -46.38004859738147 401
1743434262685 -49.855312470692965 402
1743434269292 -79.01138709548319 403
1743434275974 -69.14677306268766 404
1743434283296 -41.45195558521084 405
1743434290008 -63.02973507048919 406
1743434296965 -41.07619073398236 407
1743434303690 -53.248555882606915 408
1743434310547 -79.22001851885858 409
1743434317526 -44.9558558303365 410
1743434324528 -62.42716048686975 411
1743434331063 -57.57378275925171 412
1743434337484 -56.407600257017975 413
1743434344441 -58.5428426934008 414
1743434350852 -52.8739581732955 415
1743434357392 -55.06367396743606 416
1743434363849 -52.93597218441174 417
1743434370408 -61.8469549810931 418
1743434377010 -61.40237789396046 419
1743434383295 -42.52082855688152 420
1743434389968 -52.225453278946105 421
1743434396408 -46.40843797521973 422
1743434402772 -54.28286738278428 423
1743434409191 -49.84808936467539 424
1743434409915 19.71688156262638 425
1743434416552 -52.37140683273614 426
1743434423161 -48.69176940334604 427
1743434429771 -30.95003268675059 428
1743434436356 -53.40257939170094 429
1743434436937 19.770748059625156 430
1743434443421 -28.945912089361357 431
1743434450174 -64.32267918601703 432
1743434456939 -41.558173375064754 433
1743434463627 -80.21198108267653 434
1743434470253 -52.572313058934746 435
1743434470841 19.737569072223998 436
1743434477300 -67.38759634173354 437
1743434484131 -55.44440902444518 438
1743434491091 -53.804466259994214 439
1743434491675 19.714987312272797 440
1743434498266 -50.09536800900783 441
1743434504975 -52.6640076806538 442
1743434511479 -56.154425961306956 443
1743434517942 -62.36861187648019 444
1743434524530 -54.99930568186722 445
1743434531113 -52.58722350177277 446
1743434538068 -61.92842338713487 447
1743434544289 -48.94602164586331 448
1743434550672 -58.231646854013825 449
1743434557147 -57.21725859559356 450
1743434563534 -68.17211894439741 451
1743434570167 -48.79596481204137 452
1743434576828 -60.653952485576355 453
1743434583458 -65.85828163244408 454
1743434590250 -64.37334366987493 455
1743434597036 -59.97099092883897 456
1743434603753 -42.00635776859379 457
1743434610175 -48.03740210234189 458
1743434616874 -41.05136120147461 459
1743434623442 -63.30623107027575 460
1743434629650 -43.9810168569122 461
1743434635868 -44.03280936432861 462
1743434638133 -7.20140087247489 463
1743434644406 -75.51630049097133 464
1743434650970 -63.20927972859171 465
1743434657461 -46.21159524059441 466
1743434663965 -47.97844280836893 467
1743434670515 -46.7946040891034 468
1743434676663 -70.82999226986283 469
1743434682561 -42.81899008909698 470
1743434688765 -52.16420894665499 471
1743434695385 -73.99824478269129 472
1743434702223 -57.33294261498142 473
1743434708742 -43.80773462970821 474
1743434715506 -78.27550609867296 475
1743434721903 -47.41863335994204 476
1743434728741 -68.2679141806249 477
1743434735329 -68.88320718732517 478
1743434742212 -48.21791988217742 479
1743434749199 -75.6006413086624 480
1743434755583 -60.865076967523194 481
1743434762258 -45.586236266493 482
1743434768641 -56.028288574146735 483
1743434775389 -40.85324944179104 484
1743434781844 -68.27548528583635 485
1743434788735 -65.64567889089275 486
1743434795799 -54.41775661865967 487
1743434796391 19.68834311579048 488
1743434803884 -55.65496503874438 489
1743434810770 -79.24894652390887 490
1743434818061 -39.40084202181446 491
1743434824930 -44.46737233565337 492
1743434832237 -49.545574665284036 493
1743434839487 -59.355406040754005 494
1743434846615 -72.91408268010386 495
1743434853335 -56.85570037698538 496
1743434859391 -52.67681636747291 497
1743434865164 -72.47936107725816 498
1743434871511 -51.88304523484791 499
1743434877620 -62.43311315017819 500
1743434883881 -66.64153135034154 501
1743434889996 -52.60200864891577 502
1743434895985 -64.27379479441981 503
1743434902692 -50.89540997383987 504
1743434908829 -50.95635687279789 505
1743434909511 19.703633231854585 506
1743434915705 -46.10104495819988 507
1743434921803 -67.50191497472493 508
1743434927532 -51.203861320539794 509
1743434933695 -44.245736572269294 510
1743434939641 -63.99852009019469 511
1743434945766 -64.05571345028551 512
1743434947869 -6.341486874339283 513
1743434953971 -64.90465749138387 514
1743434956073 -7.301317708284527 515
1743434962057 -51.15920304920893 516
1743434962622 19.701035899091124 517
1743434968676 -41.42881752476751 518
1743434974829 -75.05076335502106 519
1743434980787 -64.27046413223124 520
1743434986614 -43.767288707279526 521
1743434992544 -56.79528869376425 522
1743434998300 -61.48899211258046 523
1743435004031 -42.0283274151516 524
1743435009906 -76.54492595475199 525
1743435016016 -63.874467269207926 526
1743435021881 -56.31359762570998 527
1743435027647 -51.39425117452201 528
1743435033231 -44.74589444539487 529
1743435039167 -58.783832232225194 530
1743435045021 -53.656097455100365 531
1743435050930 -56.5478849513302 532
1743435057272 -64.67220300351384 533
1743435063220 -39.461287773777585 534
1743435069255 -48.25539192697662 535
1743435075413 -60.65685456968604 536
1743435081417 -58.50375426321317 537
1743435081989 19.76171939777197 538
1743435088076 -49.65300014632523 539
1743435093908 -51.37041179368741 540
1743435094477 19.700887400926618 541
1743435100519 -69.46436514114593 542
1743435106629 -50.3822580931559 543
1743435112735 -60.7221079914355 544
1743435114400 -3.980122258661896 545
1743435120385 -52.78479495438247 546
1743435122003 -3.0995128297122596 547
1743435127918 -65.4207118154398 548
1743435133934 -72.72857087375576 549
1743435139982 -52.053317273896965 550
1743435145906 -55.93492956228064 551
1743435146475 19.737734033685197 552
1743435152437 -48.806117264021026 553
1743435158117 -53.602345368830015 554
1743435163860 -43.36306399150388 555
1743435169543 -12.730426282986283 556
1743435174688 -54.03520955500843 557
1743435179821 -56.0579569463361 558
1743435184894 -57.560918704256665 559
1743435190256 -53.623530893872406 560
1743435195493 -56.616189697444916 561
1743435200861 -69.60483407488431 562
1743435201413 19.68791229178863 563
1743435206813 -53.588043283756 564
1743435212156 -62.93909377842917 565
1743435217301 -58.70134568989679 566
1743435222942 -42.625598230787496 567
1743435228416 -63.18515143077336 568
1743435235596 -69.65284598287572 569
1743435243378 -55.67036591177548 570
1743435250295 -52.7394874617344 571
1743435257438 -68.81268762124584 572
1743435264441 -74.72718443013787 573
1743435271587 -79.56492853270926 574
1743435278355 -61.3536082181378 575
1743435285109 -38.53290847633073 576
1743435291985 -42.53300806452727 577
1743435293757 -3.993589295947535 578
1743435300804 -71.69584753245641 579
1743435307933 -40.51229048581699 580
1743435314960 -33.30939710404831 581
1743435322015 -50.223366338690525 582
1743435323899 -1.6218915813175698 583
1743435331223 -67.54362518733203 584
1743435339271 -69.86014345891058 585
1743435346436 -52.009408293313236 586
1743435353285 -50.630836516501255 587
1743435353876 19.69730772365196 588
1743435360676 -21.579152125971095 589
1743435362462 -4.190486263237489 590
1743435368999 -55.301347302052235 591
1743435374905 -76.7361405639495 592
1743435382063 -59.24072901287769 593
1743435389581 -54.878439831243995 594
1743435396447 -46.48561425629798 595
1743435403329 -58.92163838029471 596
1743435410007 -60.994805334835604 597
1743435416999 -65.71096314063465 598
1743435424001 -42.550925030727726 599
1743435431575 -62.84783839768812 600
1743435438591 -54.12832087171491 601
1743435446240 -67.7399102012766 602
1743435452886 -33.1153636914169 603
1743435459789 -74.8305780449066 604
1743435460362 20.341039869555555 605
1743435467099 -48.14766117243419 606
1743435474243 -53.742046541822035 607
1743435481285 -41.28657048926276 608
1743435489278 -63.13612475419781 609
1743435496014 -47.38675464254358 610
1743435502875 -67.96223997213112 611
1743435509831 -68.18159724501743 612
1743435516549 -53.77592443449484 613
1743435524199 -50.81065048240514 614
1743435524786 19.745086456485502 615
1743435532129 -57.054684029313705 616
1743435541129 -66.99432149251155 617
1743435548137 -46.934201461361205 618
1743435555541 -43.2602407683953 619
1743435563140 -64.71017737481176 620
1743435570901 -67.18835926234426 621
1743435579069 -41.36472636195462 622
1743435586127 -51.32878001162534 623
1743435587935 -2.942593435304355 624
1743435588522 19.73274453830372 625
1743435589097 19.751791723233087 626
1743435595327 -41.03365726090802 627
1743435596051 19.694304995411787 628
1743435602803 -80.77359186907573 629
1743435609800 -45.72236941201399 630
1743435616451 -44.86753162671595 631
1743435623419 -59.03071905044638 632
1743435631388 -59.58472148140265 633
1743435637918 -44.708634772012346 634
1743435638514 19.708745157574125 635
1743435645371 -38.116042589331194 636
1743435651818 -52.25700899692594 637
1743435652401 19.76368805756345 638
1743435659219 -36.09865583818951 639
1743435660061 19.189122025835136 640
1743435666573 -55.288092953929954 641
1743435668830 -7.323411425083103 642
1743435675329 -66.84966746406083 643
1743435681899 -55.47606779820872 644
1743435688575 -63.033493651823825 645
1743435696424 -46.462244488624954 646
1743435703877 -57.27205948301396 647
1743435710746 -63.832328591719794 648
1743435718540 -81.43587443435335 649
1743435726328 -41.67089646581098 650
1743435733645 -66.6929528234774 651
1743435740488 -65.6711744290342 652
1743435747327 -55.83205080652577 653
1743435754191 -54.54779445716822 654
1743435761850 -51.19741499329707 655
1743435769438 -59.699480261093925 656
1743435776884 -54.032207036598976 657
1743435783825 -58.86146837996143 658
1743435791937 -41.0714724582621 659
1743435799171 -70.84428408372521 660
1743435806202 -56.93720014978876 661
1743435813017 -50.719003893500854 662
1743435820548 -65.76206475496102 663
1743435827466 -40.73580887574721 664
1743435833684 -54.84940291213605 665
1743435840358 -56.32800665395861 666
1743435842124 -3.600351308843866 667
1743435848786 -67.45760003795259 668
1743435849777 19.650926026558437 669
1743435856915 -52.43076610357803 670
1743435864140 -62.0307277826156 671
1743435871081 -50.375291754853244 672
1743435877594 -48.22342388378203 673
1743435884901 -30.916033998311555 674
1743435891720 -42.53252572565433 675
1743435899014 -68.14245086524033 676
1743435906039 -76.61902753098063 677
1743435912800 -59.36703320617057 678
1743435919763 -51.732081544884274 679
1743435927028 -80.50670790058945 680
1743435933929 -59.22767247849796 681
1743435940762 -53.30493407734757 682
1743435942908 -5.833803725805948 683
1743435943497 19.746581328082186 684
1743435949923 -57.58000222837308 685
1743435956450 -57.66903705451112 686
1743435964279 -17.996666520759565 687
1743435970891 -35.95640947770795 688
1743435977326 -77.6912862264599 689
1743435985007 -46.993312844975016 690
1743435992200 -52.55845883633019 691
1743435999309 -70.79321755373518 692
1743436007070 -65.13190060782662 693
1743436014294 -54.61977145285617 694
1743436021139 -69.24026076974535 695
1743436028958 -62.75651209706388 696
1743436036561 -82.07398048355655 697
1743436044138 -55.05027669191766 698
1743436050922 -62.290799909263704 699
1743436057650 -49.535802844553714 700
1743436064654 -49.59751630268602 701
1743436071360 -63.26698556181821 702
1743436078313 -66.11526125516457 703
1743436079079 19.6931507633116 704
1743436085852 -46.99218504712657 705
1743436086440 19.753191114075697 706
1743436093055 -48.88834194702902 707
1743436099697 -49.1426163464927 708
1743436101681 -4.918264828252552 709
1743436108269 -69.19947082782645 710
1743436115538 -65.48190125180362 711
1743436122562 -60.26235336062129 712
1743436129519 -61.88074137351682 713
1743436131342 -4.3721614971971725 714
1743436137879 -49.354095347307926 715
1743436144800 -57.4312971984115 716
1743436146644 -3.790474045454603 717
1743436153440 -38.62781654442574 718
1743436160044 -63.647597170164154 719
1743436166682 -47.367831354680746 720
1743436172959 -66.3976470934265 721
1743436179394 -54.117736722151086 722
1743436186132 -52.17741315716321 723
1743436192805 -54.40166034020414 724
1743436199413 -58.22162174399583 725
1743436205850 -47.19754952782058 726
1743436213196 -54.07936318129066 727
1743436220035 -67.5077022440786 728
1743436226793 -37.39827521958208 729
1743436233159 -45.9439744945084 730
1743436239730 -44.95232712154233 731
1743436246544 -77.31592871057703 732
1743436253553 -63.92289826905091 733
1743436260189 -61.18347124349659 734
1743436267050 -40.93544081175266 735
1743436273594 -50.42898771991372 736
1743436274329 21.280070515390268 737
1743436281450 -51.78744540759105 738
1743436288051 -42.2881149243633 739
1743436294560 -40.633142932335595 740
1743436301801 -66.17202479800233 741
1743436308691 -22.856748762206045 742
1743436315523 -42.724163579131506 743
1743436316117 19.67141263649843 744
1743436322935 -56.328383158824956 745
1743436324827 -4.8601720224712786 746
1743436332119 -62.97908707518524 747
1743436339545 -62.56980195838949 748
1743436340144 19.747040397058722 749
1743436347156 -54.14271880921582 750
1743436354442 -59.6545139245695 751
1743436361655 -49.022094494230856 752
1743436368750 -50.24138570246699 753
1743436375611 -46.02316282374122 754
1743436382655 -57.0688667965108 755
1743436389457 -54.63985019300988 756
1743436396440 -70.51963382694522 757
1743436403423 -60.807455304105225 758
1743436410517 -43.71722444954612 759
1743436416900 -46.94101701505069 760
1743436423476 -67.02056540864902 761
1743436430471 -60.54126064120634 762
1743436437305 -61.852560614137644 763
1743436443912 -47.43224491879166 764
1743436450325 -47.01484607048457 765
1743436457018 -82.29383912908528 766
1743436463617 -65.65827516492226 767
1743436464341 19.683271803310614 768
1743436464935 19.69446662362102 769
1743436471615 -57.177589239808526 770
1743436478271 -55.00640698492187 771
1743436484917 -51.4523688977358 772
1743436491510 -48.37287621246469 773
1743436498276 -70.04604553952228 774
1743436505321 -61.48701778707876 775
1743436512084 -42.38287552002123 776
1743436519265 -70.32702060777532 777
1743436526403 -60.75404667370248 778
1743436533494 -59.063528390054515 779
1743436540456 -47.54813002419782 780
1743436547861 -52.51011234305223 781
1743436548455 19.741182701041048 782
1743436555021 -62.64098426067853 783
1743436557205 -6.503225230480972 784
1743436564090 -54.417506503008156 785
1743436570240 -54.04285578845657 786
1743436576468 -70.11458593326147 787
1743436577055 19.775157558696105 788
1743436583932 -53.36757571444119 789
1743436591409 -64.92606825521692 790
1743436597916 -67.08072476854467 791
1743436598531 19.75651642865975 792
1743436604927 -54.04129473102251 793
1743436611435 -49.15748015631422 794
1743436618296 -53.09539155904537 795
1743436624985 6.35443422028958 796
1743436631709 -74.09776884016767 797
1743436638233 -66.43425029556225 798
1743436644622 -71.86274232031228 799
1743436651780 -25.817770402995407 800
1743436658348 -55.01684336121651 801
1743436665546 -64.98633033716696 802
1743436672521 -59.299780092175155 803
1743436673134 19.74908938170207 804
1743436680180 -60.94206486173473 805
1743436687404 -46.73480387230394 806
1743436694068 -44.56877303555871 807
1743436700615 -54.92344553681816 808
1743436707526 -57.52914305942778 809
1743436710817 -13.666094324281756 810
1743436718162 -57.09093979247214 811
1743436724909 -51.244362497679774 812
1743436732376 -59.80723949350739 813
1743436739582 -69.04804188463041 814
1743436746822 -48.626240618748525 815
1743436754338 -53.37124389432972 816
1743436761817 -51.0278948528843 817
1743436768280 -51.36580032565034 818
1743436775457 -78.22281313803842 819
1743436783065 -67.86203283077957 820
1743436791667 -44.98471109047959 821
1743436798373 -68.2116918397623 822
1743436804705 -52.33305073883342 823
1743436812509 -53.78261153506847 824
1743436819715 -50.72680261226556 825
1743436826771 -55.61412492273368 826
1743436834261 -52.427499190491865 827
1743436840782 -66.69117769780827 828
1743436847484 -54.89993610699034 829
1743436854560 -62.954316549990395 830
1743436856969 -4.493044696481116 831
1743436864168 -59.6085172661227 832
1743436871689 -72.15591392778258 833
1743436878613 -47.04036706511941 834
1743436886335 -55.61605286731697 835
1743436893075 -49.667211190568516 836
1743436901115 -63.351531160507285 837
1743436910394 -62.7792621154561 838
1743436918466 -52.42432281712078 839
1743436925857 -62.43006931758343 840
1743436933595 -58.42302763655431 841
1743436940243 -58.10933063871795 842
1743436946835 -47.13847316002419 843
1743436947425 19.750089768888298 844
1743436954250 -66.23464243721845 845
1743436960985 -72.73169603169487 846
1743436967644 -70.00260887796593 847
1743436968238 19.701014938218993 848
1743436975404 -49.40014944947215 849
1743436982777 -60.8400221221199 850
1743436989083 -47.12181783453763 851
1743436995654 -41.056831620290374 852
1743437002497 -48.419501506068634 853
1743437009269 -65.72430726190652 854
1743437016738 -57.270944032665106 855
1743437024130 -51.185048184543376 856
1743437031574 -42.10082815802214 857
1743437039126 -57.25858162942876 858
1743437046523 -55.6784747113543 859
1743437053062 -47.883958506171126 860
1743437059723 -56.18133043474864 861
1743437066950 -43.503270257020446 862
1743437074876 -45.08640224272152 863
1743437082054 -68.59651819703144 864
1743437088592 -52.56231599042796 865
1743437095752 -59.58371632574493 866
1743437102228 -71.62388835034568 867
1743437108637 -50.5140611718136 868
1743437115568 -66.52438822754436 869
1743437122630 -60.748533707477286 870
1743437129632 -57.73972785092864 871
1743437136761 -47.15903500072748 872
1743437143861 -63.786844404071175 873
1743437150862 -54.88160456796169 874
1743437157791 -53.69124063039254 875
1743437165234 -52.05359733031627 876
1743437171843 -30.9143349724975 877
1743437178135 -53.626550147060925 878
1743437184279 -38.99151103877517 879
1743437191703 -61.95435297008645 880
1743437192289 19.834088520674776 881
1743437199537 -61.418790308725114 882
1743437206144 -60.90756760960597 883
1743437212540 -54.49459545226753 884
1743437219574 -70.88311905990072 885
1743437226234 -58.187321042725316 886
1743437233484 -46.61311016824208 887
1743437241015 -63.65120619635407 888
1743437247988 -61.211996942949085 889
1743437254740 -70.70700463122937 890
1743437261224 -44.61914879302379 891
1743437267728 -61.562520987035334 892
1743437274813 -47.59342689083719 893
1743437281420 -59.48134917997474 894
1743437288527 -53.45655432276378 895
1743437295847 -70.16892661007023 896
1743437303315 -49.096049229527054 897
1743437310171 -55.90625912101271 898
1743437316996 -51.434764962188524 899
1743437323772 -43.736490162495755 900
1743437330994 -54.11020535062068 901
1743437338644 -45.9729800886855 902
1743437346101 -58.79029975287071 903
1743437352371 -56.685229207260036 904
1743437358566 -59.06464179569052 905
1743437365870 -52.987659024677455 906
1743437372555 -62.68857559625177 907
1743437379290 -47.56566833848888 908
1743437387966 -61.215634222876325 909
1743437394583 -51.93709529820028 910
1743437402534 -50.61814649637536 911
1743437408853 -48.85697718151459 912
1743437415192 -43.94886588002562 913
1743437421846 -49.55199140503754 914
1743437430140 -54.67301656342576 915
1743437437723 -43.9368071541413 916
1743437445458 -57.58716371594449 917
1743437452610 -54.02398115364505 918
1743437459752 -65.77578901631676 919
1743437466252 -59.89598436552963 920
1743437473390 -58.94558703778552 921
1743437480053 -65.95657681891932 922
1743437486907 -57.13869447937584 923
1743437494319 -68.75965214435556 924
1743437500953 -43.298040466934346 925
1743437507765 -42.94423361743314 926
1743437514863 -69.93448778744337 927
1743437521518 -57.40135777777108 928
1743437525879 -25.000203995572754 929
1743437532597 -67.48934616841561 930
1743437539457 -49.71490942293943 931
1743437546340 -58.04337231324612 932
1743437552479 -70.91706742537926 933
1743437558529 -54.189669928877734 934
1743437565333 -51.943573845056605 935
1743437572411 -63.201952031088524 936
1743437579585 -63.2811064376879 937
1743437586224 -57.656887751913054 938
1743437592243 -61.488870705358956 939
1743437599091 -56.14390524459537 940
1743437605583 -53.53625328688223 941
1743437612043 -52.644844943342534 942
1743437618688 -80.6944626628248 943
1743437625592 -61.18373968378032 944
1743437632191 -48.71105259618799 945
1743437639075 -54.929241536106666 946
1743437645713 -52.52652013138494 947
1743437652164 -64.86571211625474 948
1743437659026 -26.617966516404902 949
1743437665645 -68.72807062351545 950
1743437666237 19.752108364032473 951
1743437673874 -49.24074584664405 952
1743437680658 -50.551380647126926 953
1743437687356 -62.33261477079892 954
1743437694293 -73.0960235112726 955
1743437701246 -46.268054812182825 956
1743437707927 -78.0597383095799 957
1743437709640 -3.657274691751539 958
1743437715942 -40.97357392863773 959
1743437722977 -51.72067687263761 960
1743437729988 -61.32924932467063 961
1743437736827 -51.830922446832474 962
1743437743540 -69.10437593359582 963
1743437750464 -76.41690536453228 964
1743437757071 -44.344891692393745 965
1743437763165 -79.22804211839097 966
1743437769321 -49.99235838801752 967
1743437776137 -68.18085958400931 968
1743437783018 -65.46033331091702 969
1743437789883 -57.20843619294368 970
1743437796806 -49.39725495813311 971
1743437803614 -59.80636284083419 972
1743437810624 -49.55913773999833 973
1743437817475 -55.6072401360113 974
1743437824452 -62.928537877321375 975
1743437831326 -77.95982702072824 976
1743437833632 -7.5649831706978645 977
1743437840461 -65.04049100242203 978
1743437847633 -70.68373880244421 979
1743437854890 -51.51110640775286 980
1743437862148 -54.055119030854016 981
1743437869550 -59.563561293024264 982
1743437870146 19.716612714792728 983
1743437877166 -59.73187909212674 984
1743437884480 -53.67920912805865 985
1743437886514 -5.737335183170298 986
1743437894004 -66.19991529380155 987
1743437901032 -62.770582661384594 988
1743437901630 19.73857771391536 989
1743437908822 -43.33364437948705 990
1743437915789 -52.6971052077958 991
1743437922517 -38.86882580402369 992
1743437929151 -61.250440179265055 993
1743437935751 -57.41397653325866 994
1743437942830 -64.17009309569771 995
1743437949389 -63.370870901308436 996
1743437955831 -49.290820642975845 997
1743437962590 -61.2455922749111 998
1743437969597 -43.959037051263195 999
1743437976610 -35.462355907696825 1000
1743437983717 -53.371401567621035 1001
1743437990489 -60.841630321454176 1002
1743437997343 -50.422656042564945 1003
1743438004351 -55.28571194351632 1004
1743438011023 -54.274677771062485 1005
1743438017875 -59.468246878883384 1006
1743438024880 -58.22756071817439 1007
1743438031688 -50.102968942080714 1008
1743438038793 -54.54588289804997 1009
1743438045290 -62.782520441212505 1010
1743438052175 -51.51862513711953 1011
1743438059305 -53.95380405975198 1012
1743438066307 -65.56697847800672 1013
1743438072927 -63.08250002446684 1014
1743438075055 -7.014656617414003 1015
1743438081907 -65.99314588630315 1016
1743438088429 -42.7037222587021 1017
1743438095563 -44.7520174253884 1018
1743438102941 -74.95653033284948 1019
1743438110138 -48.2676619974191 1020
1743438117326 -45.559698085270654 1021
1743438117924 19.774974288103106 1022
1743438125293 -52.823422082451614 1023
1743438131651 -53.224147048118425 1024
1743438138242 -42.250391228987134 1025
1743438144851 -51.427378980767344 1026
1743438151922 -53.32474079088722 1027
1743438159075 -65.06245441902225 1028
1743438166329 -76.98168514416837 1029
1743438166917 19.77469561202793 1030
1743438173929 -57.20927633413926 1031
1743438180995 -47.71119175835724 1032
1743438188078 -48.514561918840485 1033
1743438194760 -69.85716856906588 1034
1743438200915 -48.98524354603694 1035
1743438207594 -62.507805500289756 1036
1743438213887 -52.50390574415436 1037
1743438220052 -38.22493895190694 1038
1743438226794 -46.008843413938564 1039
1743438232796 -58.12203335374109 1040
1743438240031 -49.09751365072365 1041
1743438246930 -60.9861042309626 1042
1743438253931 -66.22276984495613 1043
1743438260860 -46.38437479058753 1044
1743438267647 -60.71397215731556 1045
1743438274376 -52.123071889868925 1046
1743438281338 -65.63607801298383 1047
1743438287970 -55.76644021794381 1048
1743438294692 -34.31904219246253 1049
1743438301486 -49.658481053746684 1050
1743438308343 -54.459948039763695 1051
1743438315242 -62.57654272556329 1052
1743438322388 -53.790159236844076 1053
1743438328662 -43.0361482086283 1054
1743438335103 -60.05409434089348 1055
1743438341944 -68.28186375618222 1056
1743438343972 -1.3992070777967756 1057
1743438352495 -71.5617454009846 1058
1743438353094 19.75192654815538 1059
1743438359546 -64.97131603380468 1060
1743438366941 -57.9740206048056 1061
1743438373186 -72.2921500577899 1062
1743438379932 -55.63858633122436 1063
1743438386234 -56.58687192895562 1064
1743438392812 -60.99480503211004 1065
1743438399104 -64.58711802194713 1066
1743438405467 -43.32422197683202 1067
1743438411783 -38.386455128251214 1068
1743438418595 -76.74709986013453 1069
1743438425520 -51.91956450140996 1070
1743438432331 -41.10402955784482 1071
1743438439130 -46.11200573867106 1072
1743438445817 -53.11809864296962 1073
1743438452592 -61.61849921953397 1074
1743438459392 -54.6475166983145 1075
1743438466237 -53.83282192751815 1076
1743438472792 -62.20610534446254 1077
1743438479731 -59.94275085280313 1078
1743438486468 -65.2918224964503 1079
1743438492934 -53.170403562291675 1080
1743438499637 -41.469142132748644 1081
1743438500372 19.694020004838663 1082
1743438506927 -60.01556262750251 1083
1743438513323 -54.15115710539551 1084
1743438519761 -52.084635504535456 1085
1743438526501 -48.237771704791626 1086
1743438532985 -42.64475628842986 1087
1743438539369 -49.182757171439896 1088
1743438545677 -34.35126587553628 1089
1743438552205 -60.93733359307761 1090
1743438558798 -47.29617792912523 1091
1743438564826 -40.30591629445807 1092
1743438571006 -42.31289598143966 1093
1743438577256 -51.228394661304385 1094
1743438584047 -28.344525070151064 1095
1743438591363 -53.39999750913743 1096
1743438598866 -61.11867192472126 1097
1743438605222 -68.124579211276 1098
1743438611629 -52.72655387902567 1099
1743438614424 -8.544290558444459 1100
1743438615009 19.733532846532302 1101
1743438621261 -40.3113064113627 1102
1743438627760 -69.41617956041826 1103
1743438634735 -57.69931246736381 1104
1743438641433 -59.45763353267037 1105
1743438648666 -44.207687318774546 1106
1743438655577 -55.53138589779576 1107
1743438656170 19.726891330083983 1108
1743438662937 -54.140298226195746 1109
1743438669869 -42.60683339146372 1110
1743438676753 -67.23464216477352 1111
1743438683697 -59.22676520593036 1112
1743438690802 -57.33011523159151 1113
1743438697707 -45.56850630416279 1114
1743438704661 -51.430393363235794 1115
1743438706701 -5.490077208529913 1116
1743438713263 -75.11651263495861 1117
1743438717283 -18.364520890542632 1118
1743438723144 -46.3592582766323 1119
1743438729943 -58.01463812256411 1120
1743438736765 -59.22581529617398 1121
1743438743292 -62.67016757470973 1122
1743438749876 -49.92690211796405 1123
1743438756119 -61.93275353015681 1124
1743438756874 19.713198474306974 1125
1743438763761 -53.35564480224866 1126
1743438770603 -47.64207044294281 1127
1743438777432 -29.75713661689576 1128
1743438778017 19.720118730015827 1129
1743438784746 -53.278287464646354 1130
1743438791504 -68.60612858913542 1131
1743438798362 -64.09766113974632 1132
1743438804545 -51.03942557245588 1133
1743438805128 19.72110715757564 1134
1743438805716 19.757478050972935 1135
1743438812200 -89.26120824778808 1136
1743438819062 -47.874941047601894 1137
1743438821111 -5.275372600342816 1138
1743438827904 -62.08195550383829 1139
1743438834612 -48.40636834762671 1140
1743438841113 -59.97238655851157 1141
1743438847716 -62.90793694847443 1142
1743438854522 -63.14876315932162 1143
1743438861223 -42.51740107605119 1144
1743438867721 -50.34423589142365 1145
1743438874533 -48.5138126954488 1146
1743438880978 -52.193675733053794 1147
1743438887772 -59.58583573083688 1148
1743438894428 -63.74673049521938 1149
1743438901274 -48.21688571362829 1150
1743438908257 -60.35108739655297 1151
1743438915623 -37.563854402027616 1152
1743438922403 -73.35394155282552 1153
1743438929177 -48.71647777674006 1154
1743438936290 -56.25202705596569 1155
1743438943174 -56.193168612513595 1156
1743438949618 -62.94020728944855 1157
1743438956681 -65.93122634417934 1158
1743438963090 -62.888015379102214 1159
1743438970057 -51.61776393996134 1160
1743438976888 -60.04727096302388 1161
1743438983377 -55.525908249698126 1162
1743438989920 -69.71426829194917 1163
1743438996690 -63.79759180252452 1164
1743439003547 -28.875322469011778 1165
1743439010295 -52.06348814058483 1166
1743439016793 -57.964763673087575 1167
1743439023269 -59.761620188209385 1168
1743439030067 -54.126748061766406 1169
1743439036864 -71.85459839638663 1170
1743439043028 -55.67953421555433 1171
1743439049479 -61.965624332730926 1172
1743439055901 -54.210475401451646 1173
1743439062127 -50.01283734108943 1174
1743439068690 -48.67627635577776 1175
1743439069282 19.738446168589633 1176
1743439075460 -70.33433630695545 1177
1743439081832 -56.72031983962239 1178
1743439088339 -53.82298813367545 1179
1743439094622 -55.1300152998824 1180
1743439101436 -55.38240971948087 1181
1743439108326 -53.751267930269364 1182
1743439115270 -55.24410689960069 1183
1743439122034 -45.91257388150906 1184
1743439126195 -21.7085434558011 1185
1743439132378 -71.33094503814141 1186
1743439138705 -44.465863252185756 1187
1743439145730 -50.832024159302 1188
1743439146366 20.38995132642014 1189
1743439146939 19.734804885960635 1190
1743439153700 -53.460957078356884 1191
1743439160412 -44.52722513840572 1192
1743439167332 -51.24102850107314 1193
1743439169721 -8.116697356266215 1194
1743439176935 -65.54856031151522 1195
1743439183662 -54.89208112160583 1196
1743439190525 -57.71115843879667 1197
1743439197449 -54.013982883069126 1198
1743439204110 -59.40119646155714 1199
1743439209931 -54.0998897005621 1200
1743439216344 -58.31938005913461 1201
1743439217078 19.754543844138567 1202
1743439218749 -2.084095315064239 1203
1743439225548 -39.65468532573368 1204
1743439232544 -44.277666108801554 1205
1743439239399 -65.0143940423655 1206
1743439239992 19.74798070222188 1207
1743439246781 -62.28839475959775 1208
1743439253657 -47.39884957765776 1209
1743439260539 -56.415232068845306 1210
1743439267317 -41.942700573830706 1211
1743439274098 -53.22044905875369 1212
1743439280639 -48.24162436515933 1213
1743439287448 -70.52935093451859 1214
1743439289571 -8.160990443461909 1215
1743439296350 -67.07129313510399 1216
1743439303417 -51.80953467454803 1217
1743439310746 -67.94542731268105 1218
1743439317973 -55.395603669524135 1219
1743439325126 -54.30796860320118 1220
1743439331751 -39.48438531375519 1221
1743439338906 -62.628030965452496 1222
1743439340965 -6.168502304933645 1223
1743439347801 -49.15498126085005 1224
1743439354512 -27.55837072282347 1225
1743439361007 -62.388224063438976 1226
1743439367613 -59.04027313010517 1227
1743439374224 -49.78842583915652 1228
1743439380889 -53.39055764823311 1229
1743439387600 -59.021156166640836 1230
1743439394353 -53.03903303661684 1231
1743439401060 -67.19189123494085 1232
1743439407833 -50.378841095458746 1233
1743439414704 -55.33712584737396 1234
1743439421179 -62.50445551204046 1235
1743439427846 -71.59019791088075 1236
1743439434941 -74.62400996171917 1237
1743439441844 -55.875996638679794 1238
1743439448784 -56.73888180456672 1239
1743439455646 -45.2879522950027 1240
1743439462459 -63.237566805431456 1241
1743439469289 -43.34440482560608 1242
1743439476149 -74.52162826695195 1243
1743439482923 -53.4850404607633 1244
1743439489851 -59.40984794467518 1245
1743439496646 -72.07592143790778 1246
1743439503518 -46.0458216085243 1247
1743439510236 -43.42205645602502 1248
1743439516906 -44.39894403165763 1249
1743439523849 -60.941070902216076 1250
1743439531037 -42.90989834119308 1251
1743439538065 -50.61658618419479 1252
1743439544978 -43.27583198782572 1253
1743439551901 -63.316853858197994 1254
1743439556026 10.03962983759764 1255
1743439562788 -62.39659882477034 1256
1743439569857 -43.07701923299661 1257
1743439576828 -51.138165557551275 1258
1743439578559 -3.5111683356701247 1259
1743439585322 -50.61927294349486 1260
1743439592629 -53.45943396731053 1261
1743439599455 -48.99915006515108 1262
1743439605831 -59.965564427669044 1263
1743439612643 -43.98945385090891 1264
1743439619677 -57.25629940209388 1265
1743439621810 -6.4802001626691705 1266
1743439628455 -43.864469731258346 1267
1743439635351 -57.387262329867156 1268
1743439642223 -68.0855735988916 1269
1743439648784 -53.79358755194079 1270
1743439655226 -54.22560399947445 1271
1743439657263 -5.262572857465103 1272
1743439664113 -72.84912948533058 1273
1743439670754 -43.55832348362542 1274
1743439677859 -54.76330941820379 1275
1743439678449 19.76385088635129 1276
1743439685382 -28.0357517704094 1277
1743439692324 -47.24041654511704 1278
1743439699018 -64.2074725137576 1279
1743439705891 -56.886933938607605 1280
1743439712583 -50.07150579330809 1281
1743439719393 -45.0251600933767 1282
1743439726473 -55.75668612357153 1283
1743439729187 -16.571070028966776 1284
1743439735456 -67.04665414721335 1285
1743439736379 18.774763838734323 1286
1743439743673 -50.37397671122976 1287
1743439750690 -59.74978511541829 1288
1743439751287 19.71896596718255 1289
1743439753971 -11.164492581596432 1290
1743439760708 -40.358462006963464 1291
1743439767730 -66.77226284637865 1292
1743439774972 -67.55101441369673 1293
1743439781568 -78.26402394884212 1294
1743439788397 -51.81053585839502 1295
1743439795127 -58.07340620269169 1296
1743439796931 -4.115989113425095 1297
1743439804142 -64.29362273537063 1298
1743439810892 -46.29801101451298 1299
1743439818266 -51.78217246239082 1300
1743439825062 -53.18874778035769 1301
1743439831914 -51.40998579666935 1302
1743439833643 -3.2233370288500858 1303
1743439840466 -57.391091397468614 1304
1743439847182 -54.54426341039598 1305
1743439847946 19.704925315297384 1306
1743439854996 -68.39724262702462 1307
1743439861514 -59.161503674893765 1308
1743439868450 -69.88801165443073 1309
1743439875604 -46.26479532809128 1310
1743439882400 -55.793859621160394 1311
1743439889412 -63.1061874360351 1312
1743439896558 -71.84391824427662 1313
1743439903535 -65.9135155312039 1314
1743439910117 -50.11928888403665 1315
1743439917318 -53.667557354405126 1316
1743439924449 -48.29140296570263 1317
1743439926210 -3.206620902989962 1318
1743439927047 19.00068160131628 1319
1743439928758 -3.4158254875815985 1320
1743439935936 -58.84316318060166 1321
1743439942957 -55.8629607180816 1322
1743439945596 -9.833995302056671 1323
1743439952278 -61.971100148353855 1324
1743439952865 19.732284653136865 1325
1743439953462 19.708310123594597 1326
1743439960448 -64.67871690938058 1327
1743439967713 -59.68238727653085 1328
1743439974658 -60.901878841659595 1329
1743439981955 -50.99278004089639 1330
1743439989298 -52.90816861472122 1331
1743439996575 -55.01376533690092 1332
1743440003870 -66.24635724172731 1333
1743440004741 22.85309511706691 1334
1743440011810 -65.49512885838685 1335
1743440018484 -46.498016939073494 1336
1743440025101 -59.36882405941315 1337
1743440031939 -44.48656197414487 1338
1743440038755 -53.95445190175458 1339
1743440045560 -60.089544688821135 1340
1743440052635 -73.59154998396204 1341
1743440059773 -58.54433405158483 1342
1743440066492 -69.14884084852022 1343
1743440073251 -45.64792021492429 1344
1743440080163 -51.27407259657465 1345
1743440087304 -65.5129281451162 1346
1743440089388 -6.002629551407335 1347
1743440096094 -60.75520950083238 1348
1743440102982 -51.37281796267545 1349
1743440103582 19.73712629434337 1350
1743440110401 -67.26866868423579 1351
1743440116935 -54.23580032704902 1352
1743440123498 -45.6992854727166 1353
1743440125385 -5.760737459704181 1354
1743440132211 -68.9477550130577 1355
1743440138962 -68.70939708878649 1356
1743440139546 19.691659813475383 1357
1743440146542 -64.42842835725297 1358
1743440152385 -57.072428787544766 1359
1743440159150 -64.79852908984519 1360
1743440162311 -5.305671285079201 1361
1743440169374 -60.2801990978513 1362
1743440176304 -70.33783863943233 1363
1743440183087 -55.408035554416884 1364
1743440184841 -4.792927106105262 1365
1743440191795 -49.46514819991826 1366
1743440198404 -30.557620648579274 1367
1743440205761 -69.20574611832394 1368
1743440212346 -57.84576125780853 1369
1743440219466 -64.83932632913961 1370
1743440226235 -53.842840132818694 1371
1743440230357 -21.939734023244096 1372
1743440236957 -54.69615648430975 1373
1743440243828 -56.260334110649026 1374
1743440250591 -53.360518026991784 1375
1743440257606 -43.69434442083338 1376
1743440264479 -58.94143269244269 1377
1743440271361 -41.3349178953148 1378
1743440278534 -41.20741621113783 1379
1743440285289 -52.186848465371085 1380
1743440292273 -53.75529371680386 1381
1743440299103 -52.2191948842311 1382
1743440306010 -46.79119405960478 1383
1743440313164 -47.97870758380736 1384
1743440320191 -53.38391912921378 1385
1743440326908 -51.338553790974075 1386
1743440333883 -45.46004557339413 1387
1743440340739 -52.577080039218394 1388
1743440347286 -46.90129300680475 1389
1743440354136 -53.174383639354005 1390
1743440360292 -58.94792912606992 1391
1743440366928 -50.00255977007836 1392
1743440373368 -48.960407886060416 1393
1743440379976 -47.8507583528214 1394
1743440386672 -69.6901814912994 1395
1743440392576 -55.114263530604504 1396
1743440399384 -64.02570650626602 1397
1743440406192 -51.88494729091924 1398
1743440413169 -68.37561864557505 1399
1743440419952 -36.483234601571446 1400
1743440426707 -75.84442468645932 1401
1743440427304 19.702724177164743 1402
1743440433998 -63.41409795739605 1403
1743440440829 -56.46433708647866 1404
1743440447886 -56.294649963460955 1405
1743440454704 -33.97333059196035 1406
1743440461296 -49.54727123601964 1407
1743440467894 -58.42946148387622 1408
1743440475009 -61.663397751390725 1409
1743440481486 -54.5134545200698 1410
1743440483518 -5.907591067222175 1411
1743440487438 0.3252588580989446 1412
1743440494343 -61.660345288056305 1413
1743440501418 -45.60345226681246 1414
1743440508308 -31.106746066783224 1415
1743440514838 -44.90101159151364 1416
1743440521505 -65.33909718590313 1417
1743440528549 -69.54514302220251 1418
1743440535124 -54.88003979735498 1419
1743440541608 -59.48860778715424 1420
1743440543371 -3.493193399823383 1421
1743440550347 -57.87708304129504 1422
1743440557345 -70.17285293075707 1423
1743440564380 -50.48190444276874 1424
1743440571179 -55.94079694037508 1425
1743440578572 -52.87905350470869 1426
1743440585378 -50.64611358545798 1427
1743440591753 -57.163521554397036 1428
1743440592355 19.752079522198716 1429
1743440594156 -4.907206296156343 1430
1743440601337 -61.145173722718155 1431
1743440603642 -7.30229106687273 1432
1743440604393 19.76022095521012 1433
1743440611674 -60.553087520987475 1434
1743440618779 -57.993824330037484 1435
1743440626070 -67.91196584892727 1436
1743440633053 -70.25415310425937 1437
1743440640117 -59.372934377894275 1438
1743440647334 -54.13285271778406 1439
1743440649328 -4.425885325358057 1440
1743440652110 -13.603251863345822 1441
1743440658770 -63.88765373319098 1442
1743440665615 -51.4441501141612 1443
1743440672421 -68.267774226165 1444
1743440679181 -62.42598071008378 1445
1743440686156 -52.38862885264013 1446
1743440692695 -68.59147166444711 1447
1743440699340 -40.824066427714385 1448
1743440705986 -51.76394610862371 1449
1743440712525 -61.527901784667456 1450
1743440719246 -65.30754441786794 1451
1743440726445 -65.47761123847087 1452
1743440733412 -47.78942529866343 1453
1743440740279 -60.14899798093619 1454
1743440747135 -74.12534269571739 1455
1743440753791 -71.3523372044088 1456
1743440760394 -47.17176866574627 1457
1743440766933 -48.37151941055845 1458
1743440773742 -52.30443217300516 1459
1743440780114 -51.77933264465388 1460
1743440780866 19.717202719209865 1461
1743440787780 -62.11068216948148 1462
1743440794765 -53.35483772938987 1463
1743440801487 -54.642019174220714 1464
1743440808278 -48.7819702982204 1465
1743440815231 -48.02063668034735 1466
1743440821847 -47.73065555616452 1467
1743440823730 -3.325389637947331 1468
1743440830257 -34.84085913327083 1469
1743440836831 -46.84222554760132 1470
1743440837441 19.697350110695837 1471
1743440844352 -58.130269997867416 1472
1743440846296 -5.859225023042422 1473
1743440853333 -43.980218336088356 1474
1743440860381 -41.39956279698358 1475
1743440867179 -49.127504429324375 1476
1743440873980 -60.19100063549871 1477
1743440881312 -57.2804908671629 1478
1743440888100 -45.51176031826344 1479
1743440895058 -57.566358380733156 1480
1743440902220 -68.90148087713237 1481
1743440909031 -61.34168545310364 1482
1743440911325 -9.104490979298621 1483
1743440918220 -53.133152206789354 1484
1743440924823 -59.1961947449367 1485
1743440931442 -30.940471141981725 1486
1743440932040 19.704931009907295 1487
1743440938940 -52.48948649251379 1488
1743440939696 19.772500803433463 1489
1743440946976 -35.68667149913895 1490
1743440954027 -43.96813138292518 1491
1743440960712 -60.85273220707818 1492
1743440967792 -61.20970769894977 1493
1743440974276 -70.04577580885065 1494
1743440980871 -49.3515545732253 1495
1743440988318 -58.384312732543734 1496
1743440995427 -46.747087344515805 1497
1743441002680 -74.39245296136565 1498
1743441009663 -52.22301185454679 1499
1743441016742 -51.24001133851956 1500
1743441023642 -66.73800463723478 1501
1743441031102 -61.22088174303105 1502
1743441038398 -64.61753719785041 1503
1743441039002 19.78715586533295 1504
1743441046216 -70.76936150108035 1505
1743441053247 -39.747233545414204 1506
1743441059922 -47.4806639915299 1507
1743441066821 -73.36295439506522 1508
1743441073918 -57.774004166808176 1509
1743441080896 -53.37802527661884 1510
1743441082720 -4.438087331878286 1511
1743441089578 -65.88979491306966 1512
1743441096472 -66.17133792269748 1513
1743441103011 -65.68151983890805 1514
1743441109474 -50.227174350189514 1515
1743441116104 -52.872357460487535 1516
1743441123060 -52.24308183031983 1517
1743441129826 -42.19991306071508 1518
1743441136698 -41.85858404584992 1519
1743441137297 19.73638675316716 1520
1743441143688 -44.35115194997191 1521
1743441150374 -76.60142712334876 1522
1743441157019 -26.036309338812803 1523
1743441159628 -11.58120629145741 1524
1743441166407 -69.88578970742365 1525
1743441173112 -37.659675509608135 1526
1743441179817 -46.653054266210376 1527
1743441182081 -0.7702279124621966 1528
1743441189250 -66.94603573796655 1529
1743441196230 -63.905370557397 1530
1743441203037 -49.00662731007741 1531
1743441209588 -56.63859455305662 1532
1743441210176 19.7545023503387 1533
1743441217065 -43.675246764647774 1534
1743441224192 -58.29901584483285 1535
1743441231444 -56.81498693401116 1536
1743441238696 -65.03548348901906 1537
1743441240632 -3.606801471372452 1538
1743441247844 -50.08265960288713 1539
1743441254696 -45.21823537670781 1540
1743441261764 -50.84758342458964 1541
1743441269168 -56.90182348836867 1542
1743441270026 20.918083029323316 1543
1743441277301 -55.70110820854735 1544
1743441284542 -52.817996871085015 1545
1743441291382 -71.79752041054324 1546
1743441298505 -59.765610145955705 1547
1743441305175 -74.25128379553354 1548
1743441311924 -66.85950401548645 1549
1743441318866 -83.37559847604066 1550
1743441325813 -50.12413227869783 1551
1743441332912 -45.32370855374487 1552
1743441339847 -42.82050714342908 1553
1743441340449 19.758457685518405 1554
1743441342459 -5.033453977815122 1555
1743441349506 -53.45341052517265 1556
1743441356426 -55.298593070798674 1557
1743441363740 -60.08505407244802 1558
1743441370337 -53.53873627382735 1559
1743441377158 -65.60624303889082 1560
1743441383592 -65.49636796718895 1561
1743441390302 -38.74868288324636 1562
1743441396908 -65.8210819590532 1563
1743441403569 -51.18403486517997 1564
1743441410188 -64.63277990351379 1565
1743441417044 -53.654648535119385 1566
1743441417632 19.706702064834708 1567
1743441424676 -69.57655311266544 1568
1743441431505 -66.05455004921815 1569
1743441437829 -68.67762983704696 1570
1743441444784 -76.99315949414311 1571
1743441451610 -61.83249446808811 1572
1743441453741 -4.360726328390789 1573
1743441460511 -52.45437811565715 1574
1743441467326 -68.74604586058639 1575
1743441473717 -67.38037323473074 1576
1743441476238 -10.290932392362286 1577
1743441478221 -4.849467341518116 1578
1743441484698 -50.9934655682598 1579
1743441491544 -48.19129038143993 1580
1743441498545 -47.60749280550663 1581
1743441505682 -56.872436457067984 1582
1743441512809 -65.01442028229309 1583
1743441513404 19.74319721599052 1584
1743441519913 -27.223652807608694 1585
1743441527124 -64.95919439132267 1586
1743441534009 -76.37692829615574 1587
1743441541343 -56.04164343628483 1588
1743441548511 -57.44309920147422 1589
1743441555404 -51.54126358855431 1590
1743441557043 -3.651299834602243 1591
1743441563770 -74.73899459724281 1592
1743441570699 -16.766941012662894 1593
1743441577454 -50.85421336607966 1594
1743441584324 -64.43982548431943 1595
1743441590987 -56.737879133868134 1596
1743441597692 -52.01309821837312 1597
1743441605592 -57.90739812233881 1598
1743441608727 -11.853362845499646 1599
1743441615868 -70.55501720466025 1600
1743441622953 -43.37905959225219 1601
1743441629856 -66.22540398006525 1602
1743441636410 -71.27787921304602 1603
1743441643294 -66.73787904479114 1604
1743441649932 -48.60126156673016 1605
1743441658437 -70.56362290850508 1606
1743441660115 -3.7863379361101988 1607
1743441665854 -52.06034792032525 1608
1743441671076 -47.47650248305442 1609
1743441676402 -58.32149295843837 1610
1743441676985 19.699588060094207 1611
1743441682232 -66.96552249771813 1612
1743441687438 -62.130862137479795 1613
1743441691667 -29.86883220650568 1614
1743441696952 -55.03034456020027 1615
1743441702278 -64.12139661004477 1616
1743441707389 -73.36286099613193 1617
1743441712785 -51.757125711095746 1618
1743441717914 -57.1681919178428 1619
1743441723084 -53.80414400883616 1620
1743441728226 -59.518793136430986 1621
1743441733562 -63.9296835727841 1622
1743441739083 -50.38888499688092 1623
1743441744443 -55.54223685964938 1624
1743441749582 -45.325387028558424 1625
1743441755024 -55.560635322980986 1626
1743441760392 -41.717078107016945 1627
1743441765762 -50.96966849831587 1628
1743441770904 -58.97059608578914 1629
1743441776301 -50.69010368639191 1630
1743441781665 -66.82200675416271 1631
1743441786868 -59.73799113670483 1632
1743441792078 -61.18957490086568 1633
1743441797495 -59.457321223494965 1634
1743441802746 -75.99724385563644 1635
1743441808218 -50.75246691091348 1636
1743441813487 -60.18425479384915 1637
1743441818564 -63.65049135254161 1638
1743441824049 -53.01253203765427 1639
1743441829168 -58.87179169813224 1640
1743441834431 -61.44008833420838 1641
1743441836387 -3.5953413421211575 1642
1743441841604 -70.04591837618611 1643
1743441846940 -68.45497412862974 1644
1743441852289 -47.0424314192687 1645
1743441857725 -43.7925618210531 1646
1743441862810 -50.12698581012058 1647
1743441863390 19.755362702127254 1648
1743441868619 -56.1814335917323 1649
1743441873921 -53.374371413445736 1650
1743441879239 -67.60920475355633 1651
1743441884467 -59.62896408628433 1652
1743441889708 -48.232602960164755 1653
1743441894930 -46.95286388258923 1654
1743441900232 -67.63046639939428 1655
1743441905453 -55.626338246788336 1656
1743441910872 -58.73330741814646 1657
1743441916206 -50.42529039429141 1658
1743441921489 -57.483878090349805 1659
1743441926639 -41.26371816784854 1660
1743441931826 -52.985018130988365 1661
1743441937049 -58.01195325287159 1662
1743441942302 -74.26178278777853 1663
1743441947781 -62.28551669892339 1664
1743441953149 -64.98318322834476 1665
1743441953723 19.71807183483278 1666
1743441958762 -44.8323039519524 1667
1743441963928 -52.078990768786014 1668
1743441969165 -60.716049421918356 1669
1743441974581 -59.301333288019904 1670
1743441979685 -46.914018986867475 1671
1743441984878 -58.61388674618574 1672
1743441990009 -50.63526151948017 1673
1743441995197 -63.19612262715243 1674
1743442000398 -79.95791893039123 1675
1743442002283 -5.148155174315952 1676
1743442007664 -60.215516899078864 1677
1743442013009 -51.19432051782616 1678
1743442018204 -65.01926372395359 1679
1743442023402 -47.507061065390495 1680
1743442023987 19.76126645010485 1681
1743442029233 -44.261656171943464 1682
1743442034414 -56.65580557607435 1683
1743442034989 19.737062607869742 1684
1743442040399 -77.77435784811168 1685
1743442045626 -50.228237659357475 1686
1743442050684 -51.87774461296928 1687
1743442055800 -48.19088379655867 1688
1743442060936 -48.0638300607088 1689
1743442066233 -40.11774022752192 1690
1743442071514 -57.60903548824089 1691
1743442076954 -61.48094790029235 1692
1743442081882 -37.10189801416864 1693
1743442087354 -71.20457982344583 1694
1743442087934 19.765620864413314 1695
1743442093006 -49.74160360069745 1696
1743442094719 -4.479562755058794 1697
1743442100158 -62.22378920014626 1698
1743442105350 -47.94351780963263 1699
1743442105935 19.72152400211904 1700
1743442111133 -50.46607085371975 1701
1743442116293 -68.83092255120178 1702
1743442121510 -55.8728241315205 1703
1743442126697 -58.39572306421573 1704
1743442131783 -59.075992768057425 1705
1743442137132 -65.43079550568888 1706
1743442142442 -50.59187503354747 1707
1743442147930 -63.85641593955582 1708
1743442153172 -69.47419201788054 1709
1743442158417 -43.0260259010535 1710
1743442163715 -53.68613886534058 1711
1743442169194 -61.62480233134496 1712
1743442174671 -55.54606210494682 1713
1743442179855 -46.00309332346765 1714
1743442184960 -49.52278507415096 1715
1743442190142 -50.7839345983913 1716
1743442192063 -6.710224474427333 1717
1743442197108 -51.54228614415493 1718
1743442200583 -25.023223501758636 1719
1743442206120 -55.887069918104864 1720
1743442211409 -46.402832524543285 1721
1743442213459 -6.209019277783925 1722
1743442218734 -33.41432238579208 1723
1743442224026 -50.21427166503354 1724
1743442229152 -55.020921094181254 1725
1743442234504 -49.144334228058824 1726
1743442239857 -37.9611565046692 1727
1743442245194 -47.868907469775365 1728
1743442250537 -53.83168384453193 1729
1743442255803 -59.03422942780524 1730
1743442261181 -69.89122631214781 1731
1743442266572 -54.913585758992 1732
1743442271890 -50.51481938017669 1733
1743442272604 19.75599979989648 1734
1743442277879 -53.637576048839 1735
1743442283244 -45.241451181679885 1736
1743442284190 23.949047631840255 1737
1743442289516 -39.73180892121194 1738
1743442294741 -52.631147047459166 1739
1743442299871 -66.4455821466134 1740
1743442305409 -71.5455523385569 1741
1743442306088 21.77052373950605 1742
1743442311142 -49.23086776927225 1743
1743442312922 -3.029393651186026 1744
1743442318268 -65.65508866070313 1745
1743442323601 -63.11243283367437 1746
1743442328794 -54.9021096566426 1747
1743442334327 -53.59878335336565 1748
1743442339754 -57.55305873323952 1749
1743442344899 -69.16714670262981 1750
1743442345483 19.726696387237396 1751
1743442350847 -45.736807381638435 1752
1743442356032 -52.821044935824474 1753
1743442356736 19.741787240342134 1754
1743442361926 -55.906576389081096 1755
1743442367060 -26.315445602147165 1756
1743442369633 -15.026887467951763 1757
1743442374919 -42.9048533698064 1758
1743442375501 19.75775695581884 1759
1743442377107 -3.097641078597226 1760
1743442378928 -6.2597541816727755 1761
1743442384336 -62.149935759912985 1762
1743442389514 -49.87308470877068 1763
1743442394927 -55.236876375926855 1764
1743442400378 -52.35437841398409 1765
1743442405617 -50.72483243725072 1766
1743442410821 -68.78024886487589 1767
1743442412565 -4.721379003496249 1768
1743442418077 -52.47239497722292 1769
1743442423637 -42.337097884472485 1770
1743442428901 -53.025894327654925 1771
1743442429483 19.73931961142128 1772
1743442434674 -55.96684076641017 1773
1743442440116 -69.98191175125358 1774
1743442445524 -40.94419264455045 1775
1743442450763 -67.12984607353086 1776
1743442456093 -60.68642651039266 1777
1743442461320 -64.71841978549631 1778
1743442466573 -65.76103202549386 1779
1743442468486 -5.447148883776103 1780
1743442473769 -74.5550949935181 1781
1743442478973 -61.60466759245548 1782
1743442479862 23.113125961456547 1783
1743442485197 -47.795739335880285 1784
1743442490604 -54.39387358587588 1785
1743442496010 -51.14618193727125 1786
1743442501249 -50.58050523982706 1787
1743442506646 -59.594108300950865 1788
1743442510787 -24.19585453412595 1789
1743442516282 -57.88080206356783 1790
1743442521525 -60.732552243125944 1791
1743442526849 -59.07304569938639 1792
1743442532372 -60.45909948188497 1793
1743442537802 -56.42292010012051 1794
1743442542938 -48.459650867077734 1795
1743442548376 -55.8243336236157 1796
1743442554001 -36.22223364146848 1797
1743442559321 -54.55870281358542 1798
1743442564618 -58.118926464177015 1799
1743442569935 -42.328325775555975 1800
1743442575403 -62.191624117385366 1801
1743442580613 -47.61672452904435 1802
1743442586030 -58.2956293196834 1803
1743442586607 19.75074906711363 1804
1743442591976 -64.24027689464647 1805
1743442597329 -45.09530889473798 1806
1743442602649 -58.61485985491019 1807
1743442607894 -44.45019494961026 1808
1743442613232 -41.949397730770215 1809
1743442613814 19.753584999946323 1810
1743442619338 -40.8216099902415 1811
1743442620954 -4.022290562747596 1812
1743442626439 -60.78052131709373 1813
1743442631764 -45.773573228981626 1814
1743442632338 19.750729188616692 1815
1743442637666 -55.683967690407286 1816
1743442642848 -50.655963638138076 1817
1743442648231 -52.318290394734255 1818
1743442653532 -58.253434591448446 1819
1743442658927 -51.371118512037896 1820
1743442659506 19.72522197382631 1821
1743442664928 -67.75878000821918 1822
1743442670231 -72.43355632766125 1823
1743442675535 -68.82535864789854 1824
1743442681136 -71.61882885102337 1825
1743442685263 -36.4882544284067 1826
1743442690386 -54.193707825526516 1827
1743442695800 -64.26203444937154 1828
1743442701004 -47.38288758830869 1829
1743442706144 -54.0177714188141 1830
1743442711605 -47.39237980169011 1831
1743442717131 -64.46186902986041 1832
1743442722421 -49.446254179882814 1833
1743442727553 -49.8151353135483 1834
1743442732810 -53.20442659645685 1835
1743442736170 -16.70380560781244 1836
1743442741166 -44.57560053547629 1837
1743442746262 -76.25592879414629 1838
1743442751611 -51.363113692441274 1839
1743442756932 -58.39857510024762 1840
1743442762295 -59.60883400148282 1841
1743442765370 -16.099832027910153 1842
1743442770582 -60.84079925770847 1843
1743442775643 -59.481779523978176 1844
1743442778743 -9.207353934322933 1845
1743442784290 -64.09205116025336 1846
1743442789563 -82.98584158075337 1847
1743442794879 -75.05180699478139 1848
1743442800145 -50.67352322404692 1849
1743442805387 -64.89369550117506 1850
1743442810605 -63.65553483054583 1851
1743442815931 -51.60688905210122 1852
1743442821414 -58.136499798412856 1853
1743442826903 -36.3172027204872 1854
1743442832274 -57.939120347638884 1855
1743442837898 -53.747696517551226 1856
1743442843333 -71.51966465247804 1857
1743442848628 -52.41419220888451 1858
1743442854226 -61.71009850218388 1859
1743442859565 -57.865525649123796 1860
1743442864761 -54.22560904127154 1861
1743442869988 -49.50262548956056 1862
1743442875353 -46.54492843613778 1863
1743442880568 -77.56669146748341 1864
1743442885859 -61.6262495005875 1865
1743442891358 -65.1654271366585 1866
1743442896602 -40.51758644073745 1867
1743442897455 20.181539814407785 1868
1743442902616 -47.54962465937644 1869
1743442907967 -70.96746014722271 1870
1743442913407 -58.35097622472618 1871
1743442918442 -47.79570945854702 1872
1743442923604 -61.468429575689505 1873
1743442928989 -45.331310874364526 1874
1743442934408 -50.969878783420384 1875
1743442939701 -46.59510079212393 1876
1743442945037 -63.557935935179145 1877
1743442950289 -63.666418761251066 1878
1743442955557 -55.811061288596264 1879
1743442960779 -51.567394397809956 1880
1743442966081 -49.75070160494162 1881
1743442971334 -54.39929764878712 1882
1743442976551 -65.80535137318039 1883
1743442978137 -3.776812618900578 1884
1743442983263 -59.163859992513125 1885
1743442988548 -59.74559835926786 1886
1743442993800 -49.98845704041766 1887
1743442999147 -70.3761310637969 1888
1743443004353 -41.77525049717081 1889
1743443009455 -59.16362257940236 1890
1743443014548 -46.04615561873598 1891
1743443019573 -44.33026949070086 1892
1743443024831 -49.90503103123419 1893
1743443030235 -47.265330250666764 1894
1743443035514 -57.03457239402846 1895
1743443040752 -47.58383759969774 1896
1743443041391 20.92857877877109 1897
1743443042990 -3.238431782751091 1898
1743443048367 -67.12325881888906 1899
1743443053430 -49.446542809029864 1900
1743443058730 -63.80684433934359 1901
1743443064116 -70.11811480186003 1902
1743443069316 -54.051392284116105 1903
1743443074554 -51.50264099949061 1904
1743443079584 -42.16086072109034 1905
1743443084846 -57.513663825451175 1906
1743443086762 -6.613262419583057 1907
1743443088315 -2.749761937915407 1908
1743443093725 -53.59416011734943 1909
1743443097844 -32.99858716153296 1910
1743443103161 -64.11609020737929 1911
1743443108449 -55.23127370133557 1912
1743443113880 -41.17310185603327 1913
1743443119163 -43.41010534136069 1914
1743443125398 -57.71643573027746 1915
1743443130747 -45.21341015165654 1916
1743443135910 -46.90043192482541 1917
1743443141005 -60.27206612895604 1918
1743443146262 -56.13013667177093 1919
1743443148211 -6.863244684338687 1920
1743443153536 -46.02583510730844 1921
1743443154121 19.748596968516036 1922
1743443159426 -55.18278309531408 1923
1743443164585 -51.17614343149287 1924
1743443169817 -63.87505926226201 1925
1743443175193 -60.530790446719465 1926
1743443176956 -6.192351315105295 1927
1743443182153 -61.11792422099535 1928
1743443187321 -72.69592736526842 1929
1743443192889 -45.67710225428456 1930
1743443198169 -59.30664245273375 1931
1743443203488 -63.16177669734955 1932
1743443208793 -57.80869988875552 1933
1743443213882 -32.52050150568008 1934
1743443219232 -72.8868951223831 1935
1743443224629 -54.513517703867706 1936
1743443230112 -41.74715403931444 1937
1743443235383 -48.131604783012165 1938
1743443240468 -60.65199304316097 1939
1743443245626 -79.41902427558443 1940
1743443246201 19.715303267674734 1941
1743443251540 -44.860356174121215 1942
1743443256859 -54.11520304783987 1943
1743443262168 -66.49801990160971 1944
1743443267547 -71.75746644564687 1945
1743443272764 -58.825676173142725 1946
1743443277939 -54.78118802952007 1947
1743443283138 -49.62096672167917 1948
1743443288319 -55.06729270707787 1949
1743443293624 -60.459448514280936 1950
1743443298935 -54.53224165813579 1951
1743443304134 -55.992777333825025 1952
1743443304713 20.46612755912496 1953
1743443306538 -5.89882539061386 1954
1743443311724 -60.918493360545874 1955
1743443317024 -59.94662553950548 1956
1743443319760 -10.260583706977469 1957
1743443325304 -34.92249813233834 1958
1743443330502 -47.22848025566525 1959
1743443335789 -60.34088754387808 1960
1743443336367 19.725008282075194 1961
1743443341662 -73.31173423065825 1962
1743443343609 -8.696372555726596 1963
1743443348781 -72.06845133810442 1964
1743443354124 -60.93309236241624 1965
1743443359466 -48.51731400169383 1966
1743443364642 -61.44214954583379 1967
1743443369906 -50.03639618335258 1968
1743443372030 -9.820806319610897 1969
1743443373686 -4.209996943670942 1970
1743443379061 -50.635044329241836 1971
1743443384352 -56.96129632473425 1972
1743443389707 -65.41122066422103 1973
1743443394887 -52.14554855861554 1974
1743443400003 -38.02834774500551 1975
1743443403567 -27.672880173479196 1976
1743443408573 -57.06615693437187 1977
1743443413671 -51.042761445819764 1978
1743443419023 -65.66839831486665 1979
1743443424225 -41.15969694975118 1980
1743443429379 -66.12557211120141 1981
1743443434598 -60.41880956379857 1982
1743443439867 -47.25016004975852 1983
1743443445091 -45.581384462776725 1984
1743443450350 -54.17259318715955 1985
1743443456001 -57.15910767928689 1986
1743443457630 -3.3224452570281593 1987
1743443463019 -60.912176626655956 1988
1743443468306 -54.68505503736675 1989
1743443473569 -52.912937189369025 1990
1743443478825 -54.54534847851179 1991
1743443483969 -45.077620826166005 1992
1743443489362 -39.06034957679725 1993
1743443489936 19.743466942520584 1994
1743443495297 -50.84496166519653 1995
1743443495883 19.75415526785275 1996
1743443501151 -59.042173902102974 1997
1743443506485 -57.94390744919685 1998
1743443507234 19.71890896377302 1999
1743443512660 -49.668954749354775 2000
1743443517876 -65.32987774866376 2001
1743443523370 -66.83380893502587 2002
1743443528613 -73.06286418330289 2003
1743443533904 -62.20769619686765 2004
1743443539366 -60.5534071477767 2005
1743443544493 -48.84344798755542 2006
1743443549940 -46.399278293598655 2007
1743443555312 -49.31783804790589 2008
1743443560538 -68.45731788509963 2009
1743443565926 -69.66504576623858 2010
1743443571221 -57.39391401956216 2011
1743443576275 -55.74212730398749 2012
1743443581338 -53.297774142472534 2013
1743443586857 -67.6309173567472 2014
1743443592177 -84.18777050291779 2015
1743443597310 -65.93499434118407 2016
1743443602682 -57.298539625029065 2017
1743443608084 -35.978013165029736 2018
1743443613268 -44.55924441804156 2019
1743443618548 -56.15913301519059 2020
1743443624081 -54.493870202493014 2021
1743443629394 -63.6325242261988 2022
1743443634759 -81.43158174459259 2023
1743443640023 -65.97908362131778 2024
1743443645175 -55.200865126302915 2025
1743443650688 -62.29008121335982 2026
1743443655813 -45.925990355724366 2027
1743443661030 -60.0791643619027 2028
1743443661607 19.748174037957245 2029
1743443666702 -56.59013708402533 2030
1743443671907 -48.75749651656243 2031
1743443677104 -61.78940641642516 2032
1743443682118 -41.922442894659596 2033
1743443687017 -38.351811534252406 2034
1743443692616 -65.16590922606439 2035
1743443697760 -51.08511552776108 2036
1743443703171 -63.69449112719294 2037
1743443708555 -52.67837171851825 2038
1743443713732 -48.863744626102445 2039
1743443718915 -54.92669821026544 2040
1743443720625 -3.552243831303543 2041
1743443726008 -55.989017055222334 2042
1743443726587 19.731076352623546 2043
1743443731687 -57.04740320505172 2044
1743443736799 -82.50299561762165 2045
1743443741944 -47.16295563124083 2046
1743443747107 -66.82174029145396 2047
1743443752466 -56.602731882737416 2048
1743443757551 -55.14114457990932 2049
1743443762910 -60.19919061987652 2050
1743443767959 -60.83666313995366 2051
1743443769546 -3.1499611020512477 2052
1743443774593 -65.12842161737703 2053
1743443779678 -54.02879280612667 2054
1743443785099 -52.25697436279197 2055
1743443790109 -57.430236255131746 2056
1743443791776 -3.9234923376977617 2057
1743443797003 -62.305214981199875 2058
1743443802314 -49.28031597725306 2059
1743443807523 -49.486247549853005 2060
1743443812636 -65.6175570154983 2061
1743443817765 -64.01868028180898 2062
1743443823158 -55.31648479858869 2063
1743443828565 -43.345962813407084 2064
1743443830742 -9.15039847443152 2065
1743443835790 -67.10660468298892 2066
1743443836364 19.70542932192073 2067
1743443841463 -51.25768360790953 2068
1743443846753 -63.38997494009073 2069
1743443852210 -50.65568485738968 2070
1743443857478 -60.85199543753887 2071
1743443862712 -61.46399884435509 2072
1743443868190 -63.247424368764904 2073
1743443873548 -75.71379082625221 2074
1743443878886 -43.098764462020604 2075
1743443879455 19.717948224222134 2076
1743443884841 -59.33019647595816 2077
1743443885406 19.701932970846073 2078
1743443890670 -57.38696044548466 2079
1743443892616 -6.915600280688463 2080
1743443897806 -50.10964031361096 2081
1743443902925 -60.3017596989373 2082
1743443904623 -3.03531740475141 2083
1743443909782 -46.72009886213776 2084
1743443915309 -54.81719246605608 2085
1743443920509 -60.66277682833831 2086
1743443925728 -55.324679822201816 2087
1743443931041 -64.72261477487723 2088
1743443936271 -65.38546844358235 2089
1743443941712 -69.09865822466628 2090
1743443947004 -53.956990975478874 2091
1743443952031 -57.519070957437364 2092
1743443957174 -61.68325190901167 2093
1743443962188 -70.31964394228278 2094
1743443967349 -50.97730571483032 2095
1743443972425 -74.45421881961572 2096
1743443977711 -51.2320987224224 2097
1743443983076 -69.56360036099616 2098
1743443988459 -36.5264879059784 2099
1743443993714 -54.89534694464235 2100
1743443998919 -43.99398223277116 2101
1743444004047 -55.863110573001386 2102
1743444005664 -3.4392876256777543 2103
1743444010726 -58.00397603342008 2104
1743444015906 -47.306467312933144 2105
1743444021123 -57.40529784468467 2106
1743444021956 23.933741875904282 2107
1743444027199 -58.67951641233434 2108
1743444032321 -57.68757052402103 2109
1743444037515 -66.21845827067804 2110
1743444042977 -57.528965807663425 2111
1743444048357 -45.889471661806404 2112
1743444053384 -56.30416019706172 2113
1743444058527 -53.848345981759714 2114
1743444063752 -66.43574085518907 2115
1743444065972 -8.506010750357593 2116
1743444071194 -55.70120734472762 2117
1743444076237 -48.96714488903575 2118
1743444081758 -55.16779717948398 2119
1743444087099 -64.28092889716363 2120
1743444092346 -64.23219501103807 2121
1743444097421 -42.12418827268089 2122
1743444102580 -47.86007858974545 2123
1743444107712 -41.47697024055703 2124
1743444112986 -49.97012583835007 2125
1743444118535 -71.25583721207933 2126
1743444123733 -40.4837427116802 2127
1743444128796 -59.871623097998786 2128
1743444133934 -55.383979307657924 2129
1743444139035 -65.1440828525032 2130
1743444144076 -40.705622936142674 2131
1743444149376 -47.92823045451173 2132
1743444154926 -57.44322002743465 2133
1743444160131 -64.15135402110953 2134
1743444165436 -57.226040695415705 2135
1743444170693 -58.65559156444175 2136
1743444175726 -58.1172274776846 2137
1743444180859 -56.71500856513137 2138
1743444184284 -12.28678841527808 2139
1743444189340 -61.05827470483554 2140
1743444191262 -5.73112652284116 2141
1743444196473 -49.791223482104705 2142
1743444201725 -60.18489426427991 2143
1743444207118 -32.94057487374443 2144
1743444212111 -52.67972605947567 2145
1743444214008 -5.592418368710849 2146
1743444219331 -47.437005461356776 2147
1743444224393 -75.51143284702769 2148
1743444229565 -59.39147878313633 2149
1743444234612 -41.72245624227206 2150
1743444239660 -45.474817375556945 2151
1743444244893 -62.85915786487834 2152
1743444250138 -57.5719441407526 2153
1743444255365 -49.27614388627208 2154
1743444260480 -49.31701194407813 2155
1743444265514 -58.17115806691894 2156
1743444270429 -41.13245036236387 2157
1743444271003 19.745951659683676 2158
1743444276262 -63.461079468693626 2159
1743444281527 -41.58357836785704 2160
1743444282258 19.759896694562606 2161
1743444287382 -50.15103250604737 2162
1743444292604 -55.51212000009594 2163
1743444297694 -41.76722848897621 2164
1743444302991 -70.76137407197557 2165
1743444308021 -49.952251011833866 2166
1743444313242 -61.53153025305754 2167
1743444318417 -57.55440559313624 2168
1743444320256 -4.804856054571493 2169
1743444325420 -47.54208573067369 2170
1743444330503 -62.66701312603929 2171
1743444335628 -72.94021045788139 2172
1743444340851 -57.19694054715055 2173
1743444346196 -63.1718481269235 2174
1743444351622 -41.918744364306356 2175
1743444352204 19.712922857033284 2176
1743444357336 -54.67293823250697 2177
1743444362527 -57.18926494790904 2178
1743444367875 -51.19965668586555 2179
1743444373247 -61.28471974768691 2180
1743444373896 21.74353077904738 2181
1743444379171 -60.506694543243206 2182
1743444384218 -48.27686810969062 2183
1743444389481 -61.45313085386002 2184
1743444394752 -55.94984410036331 2185
1743444399892 -69.33597180493578 2186
1743444405071 -63.77491255962153 2187
1743444410301 -54.30849194040959 2188
1743444415570 -37.19886169315528 2189
1743444420679 -53.564984843937935 2190
1743444425862 -55.33733787114115 2191
1743444430981 -69.32203539506406 2192
1743444436250 -48.50523141390046 2193
1743444441381 -73.79808077862742 2194
1743444442098 20.31387527216728 2195
1743444447231 -61.391292176808754 2196
1743444452614 -52.58469041926654 2197
1743444457624 -46.90482396126229 2198
1743444462614 -44.06198344618451 2199
1743444465152 5.216736141899556 2200
1743444470257 -49.76928557235348 2201
1743444475488 -45.75733020072206 2202
1743444480751 -49.32916064089991 2203
1743444486004 -72.97162338165462 2204
1743444491007 -64.57068089816883 2205
1743444496276 -44.857413349600826 2206
1743444501420 -47.98706551460462 2207
1743444506618 -63.44338255384254 2208
1743444511801 -70.72911472916614 2209
1743444517378 -72.48331495534282 2210
1743444522371 -45.693287416618745 2211
1743444527691 -54.21128183530762 2212
1743444532898 -59.497410430142324 2213
1743444538218 -62.930329691617615 2214
1743444543530 -40.16052341015756 2215
1743444548721 -52.39947285152516 2216
1743444554080 -42.959387861190194 2217
1743444554658 19.73703937803913 2218
1743444559839 -60.87123524249068 2219
1743444564940 -53.67822229294225 2220
1743444570051 -72.53998255566377 2221
1743444575290 -69.992266115177 2222
1743444580632 -44.85895291917168 2223
1743444585807 -44.40476426747302 2224
1743444591090 -40.88819797766936 2225
1743444596367 -55.82943912159748 2226
1743444598941 -18.067842043555594 2227
1743444604143 -50.456094038501185 2228
1743444609334 -49.0020032768644 2229
1743444614498 -53.9081674596671 2230
1743444619908 -50.16082651702767 2231
1743444625146 -54.957811567092 2232
1743444630650 -58.36838025453913 2233
1743444635996 -67.6439114143712 2234
1743444641076 -55.98482421567016 2235
1743444646289 -57.410329237290995 2236
1743444651583 -52.23153710160456 2237
1743444656795 -50.53298113633072 2238
1743444662285 -54.43654657831179 2239
1743444662863 19.738437145365875 2240
1743444668071 -62.25649413897132 2241
1743444673140 -62.65302457657299 2242
1743444678389 -67.54905631801324 2243
1743444683367 -51.23075606346508 2244
1743444688587 -52.6068478588483 2245
1743444693912 -57.43481679831147 2246
1743444699464 -54.284478808564174 2247
1743444704950 -55.73068350568149 2248
1743444710361 -53.5121605277771 2249
1743444715798 -53.17285964081448 2250
1743444721046 -51.75859066696637 2251
1743444726564 -42.66045780992943 2252
1743444728977 -15.162331027190525 2253
1743444734272 -60.32107572384746 2254
1743444734847 19.755895521526302 2255
1743444739949 -57.404539926018934 2256
1743444745115 -43.46793559671994 2257
1743444750160 -63.56091028081069 2258
1743444755593 -56.23622983917821 2259
1743444761077 -53.029926512523964 2260
1743444766239 -43.63462998440361 2261
1743444771532 -72.73979263604758 2262
1743444776762 -74.40236501451128 2263
1743444777349 19.72048801578472 2264
1743444782495 -55.2124218583226 2265
1743444787868 -51.26222219144175 2266
1743444792948 -43.78772235819407 2267
1743444798164 -42.85622864075006 2268
1743444803395 -58.9366848940767 2269
1743444808494 -51.7941908868121 2270
1743444813787 -60.1770968946092 2271
1743444819093 -46.17744415237601 2272
1743444824674 -59.74934242018303 2273
1743444825258 19.71513127214513 2274
1743444830534 -85.63445209302922 2275
1743444835901 -54.03132442015101 2276
1743444840998 -57.48636512219651 2277
1743444842768 -4.69491229697674 2278
1743444848162 -78.62717874867806 2279
1743444853341 -25.31124291695772 2280
1743444858661 -52.677948050317454 2281
1743444863903 -44.32900004450656 2282
1743444869090 -59.487675856699106 2283
1743444874446 -68.13106898726602 2284
1743444879426 -42.601384405541026 2285
1743444884677 -56.40462579677746 2286
1743444890100 -47.486399080931164 2287
1743444895240 -53.446244576346764 2288
1743444900352 -65.66716396753576 2289
1743444905510 -50.81537701890389 2290
1743444910663 -60.36564638681373 2291
1743444915725 -49.115229220454786 2292
1743444920931 -61.96277399106978 2293
1743444926250 -65.85985169615857 2294
1743444931591 -55.61427793130186 2295
1743444936814 -77.92676288333976 2296
1743444942147 -47.19652755552378 2297
1743444947219 -53.865214894113095 2298
1743444952549 -71.2131714373079 2299
1743444958127 -51.78566795327991 2300
1743444963599 -64.67930350854459 2301
1743444968642 -50.301232021921635 2302
1743444971527 -22.66396675246246 2303
1743444976732 -65.55601382764027 2304
1743444982046 -54.910430688198204 2305
1743444987104 -36.75136770435478 2306
1743444992364 -58.912396867230854 2307
1743444997435 -63.7618740359132 2308
1743445002726 -47.362301849751276 2309
1743445007860 -67.06330308566777 2310
1743445012938 -51.13738216286463 2311
1743445013511 19.75245296277809 2312
1743445015085 -1.8828459349006073 2313
1743445020263 -48.23008464578914 2314
1743445025568 -64.07043890722527 2315
1743445030764 -44.40564853949178 2316
1743445035844 -45.483874558418016 2317
1743445041091 -61.41227848278741 2318
1743445046140 -51.833103291756146 2319
1743445052433 -63.94507218432574 2320
1743445057584 -46.90019622834399 2321
1743445063050 -55.31439424065432 2322
1743445068232 -67.35921727090059 2323
1743445073408 -68.11339236706648 2324
1743445078415 -70.17287644635071 2325
1743445083718 -59.49557790857816 2326
1743445088861 -44.18065853722605 2327
1743445093895 -53.2871002825679 2328
1743445099319 -48.60634799693243 2329
1743445104568 -48.66641715509734 2330
1743445109539 -56.07242483714198 2331
1743445114733 -51.035984142628436 2332
1743445119966 -76.57109606037122 2333
1743445125100 -64.5841239324674 2334
1743445130517 -58.80201008392044 2335
1743445135560 -42.51221487788656 2336
1743445140788 -49.23823126445154 2337
1743445146151 -70.41976546406543 2338
1743445151368 -42.16501113985369 2339
1743445156439 -46.93164400859362 2340
1743445161650 -69.23343630777471 2341
1743445166739 -48.280071969951095 2342
1743445172157 -55.66644511385877 2343
1743445177796 -70.46955549481126 2344
1743445183064 -44.71689227030507 2345
1743445188348 -63.060901138831426 2346
1743445193834 -43.07297613228618 2347
1743445199007 -52.81147991271993 2348
1743445204224 -60.513034173690585 2349
1743445209676 -63.097720000652345 2350
1743445214927 -50.912555289205635 2351
1743445220432 -69.78054391257187 2352
1743445225744 -56.21578652948457 2353
1743445231012 -60.369278187593565 2354
1743445236305 -63.888384985197234 2355
1743445241684 -35.43884523777471 2356
1743445247185 -48.695660792794044 2357
1743445252424 -59.22913796036205 2358
1743445257499 -51.83262286683153 2359
1743445262771 -63.37721642613113 2360
1743445268128 -46.692787871598455 2361
1743445273543 -50.83431534457386 2362
1743445278898 -74.0436296043201 2363
1743445284075 -45.78655729350789 2364
1743445289401 -54.15847145313577 2365
1743445289979 19.726503259158182 2366
1743445295166 -72.67303849137556 2367
1743445300346 -56.26147392929882 2368
1743445305646 -51.07011951616083 2369
1743445310816 -39.74114665493077 2370
1743445316226 -47.10201445003639 2371
1743445321373 -45.57518835517025 2372
1743445326636 -55.703832638128496 2373
1743445331778 -53.473110895510416 2374
1743445337048 -62.31962274160964 2375
1743445342260 -41.747679382258674 2376
1743445347379 -56.11878682224066 2377
1743445352837 -38.72935401037953 2378
1743445357922 -49.083228458799965 2379
1743445362989 -45.449386307124904 2380
1743445368062 -56.05788913087288 2381
1743445373172 -64.09458762798084 2382
1743445378267 -56.293031621958775 2383
1743445383326 -42.07815026281401 2384
1743445388624 -59.73226402418747 2385
1743445393697 -50.756320429239146 2386
1743445398937 -51.7097658736832 2387
1743445404335 -60.71809892662412 2388
1743445409408 -49.05721663355774 2389
1743445414597 -41.21141527543817 2390
1743445419849 -52.202956389253295 2391
1743445424992 -63.664937690285235 2392
1743445430261 -51.55911049413521 2393
1743445435442 -36.5570450385249 2394
1743445440719 -58.2009682703883 2395
1743445446147 -65.08097042253303 2396
1743445451475 -65.3861032459467 2397
1743445456606 -45.731696301698456 2398
1743445462176 -67.4968513528289 2399
1743445462759 19.703068343870413 2400
1743445468142 -35.4291978601947 2401
1743445473415 -33.929360284892674 2402
1743445478526 -51.34013176254244 2403
1743445483666 -61.57616802196627 2404
1743445488713 -48.818256732613136 2405
1743445493952 -51.68570897168168 2406
1743445499205 -47.76164824756325 2407
1743445504283 -57.567195438036386 2408
1743445506607 -14.208572955616136 2409
1743445511677 -57.110266271910874 2410
1743445513649 -9.235020133927549 2411
1743445518871 -69.01632330090582 2412
1743445524139 -78.10506112723931 2413
1743445529282 -49.54524636749406 2414
1743445534603 -50.11108926380596 2415
1743445540134 -65.90586542437731 2416
1743445546454 -66.28763470222594 2417
1743445551889 -46.79317033334051 2418
1743445557413 -56.90681334676579 2419
1743445562599 -60.08400693283907 2420
1743445567861 -54.52063903024576 2421
1743445573075 9.734855743976539 2422
1743445578363 -66.96781117115037 2423
1743445578956 19.722270796895707 2424
1743445584166 -61.11516010434661 2425
1743445589553 -54.81559177875719 2426
1743445594758 -44.53643577152163 2427
1743445599981 -76.2218287954364 2428
1743445605196 -67.56631582582617 2429
1743445610466 -59.11734222977097 2430
1743445615643 -69.38759179265915 2431
1743445620705 -40.682293641879504 2432
1743445626198 -53.217111162403306 2433
1743445631384 -59.882539731995394 2434
1743445636861 -58.30955163085886 2435
1743445642200 -51.34686577669857 2436
1743445647506 -56.05135422802032 2437
1743445652974 -78.67836973974785 2438
1743445658161 -53.77944445421572 2439
1743445663316 -47.151870328127046 2440
1743445668655 -56.07817964108977 2441
1743445674265 -77.09269815715241 2442
1743445679352 -56.80583769169838 2443
1743445684548 -62.58922916661794 2444
1743445689585 -57.924813178399205 2445
1743445694657 -83.08022889627742 2446
1743445700158 -67.65257916339007 2447
1743445705352 -52.85629815575586 2448
1743445710519 -70.16503190236409 2449
1743445715788 -64.85402237149496 2450
1743445716372 19.734606489744532 2451
1743445716953 19.779748845781196 2452
1743445722156 -64.39883897009757 2453
1743445727183 -42.75870312439215 2454
1743445732716 -56.10790399900876 2455
1743445738023 -56.646358073161096 2456
1743445743085 -57.29956509105638 2457
1743445748274 -36.0538719633944 2458
1743445753318 -44.61152244579294 2459
1743445758576 -66.92854151317013 2460
1743445763719 -57.334748156596405 2461
1743445769250 -68.61307326538684 2462
1743445774441 -62.10296616306983 2463
1743445779561 -43.586178915080495 2464
1743445784860 -63.118057145355756 2465
1743445790135 -49.43297755913312 2466
1743445795452 -62.34973303765503 2467
1743445800653 -51.33308800264305 2468
1743445806085 -47.40905456516751 2469
1743445811394 -62.190223379440546 2470
1743445816480 -60.65652632736514 2471
1743445821667 -55.75809360686285 2472
1743445823847 -9.898382349142457 2473
1743445828936 -52.47455863731341 2474
1743445834376 -49.310917704851974 2475
1743445839664 -61.072892559912745 2476
1743445845053 -58.46442138582273 2477
1743445850286 -47.92000118662804 2478
1743445855531 -60.596284491306626 2479
1743445860763 -56.949200157373795 2480
1743445866022 -52.19216557045084 2481
1743445871150 -65.32993853994482 2482
1743445871877 19.750280128504706 2483
1743445877230 -58.21453385260949 2484
1743445882815 -47.97395616459831 2485
1743445888095 -58.44918767399715 2486
1743445893256 -63.87591519030822 2487
1743445898278 -59.979212139149645 2488
1743445903389 -54.8396286253101 2489
1743445904134 19.738898746996245 2490
1743445909609 -53.96450246308961 2491
1743445915179 -50.87273877772415 2492
1743445921026 -52.38109958748389 2493
