1743431795118 150.0 0
1743431799633 150.0 1
1743431804166 150.0 2
1743431808563 150.0 3
1743431812970 150.0 4
1743431817247 150.0 5
1743431822300 150.0 6
1743431828686 150.0 7
1743431834866 150.0 8
1743431841756 150.0 9
1743431848734 150.0 10
1743431855198 150.0 11
1743431861851 150.0 12
1743431862445 1.0 13
1743431869156 150.0 14
1743431876234 150.0 15
1743431882533 150.0 16
1743431883109 1.0 17
1743431884379 18.0 18
1743431891148 150.0 19
1743431897701 150.0 20
1743431904524 150.0 21
1743431910948 150.0 22
1743431917945 150.0 23
1743431924743 150.0 24
1743431931448 150.0 25
1743431938076 150.0 26
1743431945135 150.0 27
1743431945721 1.0 28
1743431952091 150.0 29
1743431958657 150.0 30
1743431965223 150.0 31
1743431971842 150.0 32
1743431979168 150.0 33
1743431986216 150.0 34
1743431993152 150.0 35
1743432000557 150.0 36
1743432007591 150.0 37
1743432013767 150.0 38
1743432020050 150.0 39
1743432027262 150.0 40
1743432034188 150.0 41
1743432040666 150.0 42
1743432047851 150.0 43
1743432054595 150.0 44
1743432061949 150.0 45
1743432068754 150.0 46
1743432075492 150.0 47
1743432082588 150.0 48
1743432089345 150.0 49
1743432095933 150.0 50
1743432103198 150.0 51
1743432110141 150.0 52
1743432116585 150.0 53
1743432123278 150.0 54
1743432130074 150.0 55
1743432136916 150.0 56
1743432143815 150.0 57
1743432150681 150.0 58
1743432157509 150.0 59
1743432164265 150.0 60
1743432171123 150.0 61
1743432177748 150.0 62
1743432184274 150.0 63
1743432191184 150.0 64
1743432198031 150.0 65
1743432204737 150.0 66
1743432211276 150.0 67
1743432217895 150.0 68
1743432224733 150.0 69
1743432231426 150.0 70
1743432238312 150.0 71
1743432245026 150.0 72
1743432251692 150.0 73
1743432258223 150.0 74
1743432265263 150.0 75
1743432271960 150.0 76
1743432278907 150.0 77
1743432285653 150.0 78
1743432292634 150.0 79
1743432299526 150.0 80
1743432306775 150.0 81
1743432313527 150.0 82
1743432320735 150.0 83
1743432327905 150.0 84
1743432334991 150.0 85
1743432341091 150.0 86
1743432347982 150.0 87
1743432354849 150.0 88
1743432361676 150.0 89
1743432368579 150.0 90
1743432375322 150.0 91
1743432382003 150.0 92
1743432382687 1.0 93
1743432389287 150.0 94
1743432395398 150.0 95
1743432401937 150.0 96
1743432408554 150.0 97
1743432415110 150.0 98
1743432422235 150.0 99
1743432424233 33.0 100
1743432431236 150.0 101
1743432438002 150.0 102
1743432444475 150.0 103
1743432451165 150.0 104
1743432457898 150.0 105
1743432464624 150.0 106
1743432471809 150.0 107
1743432479015 150.0 108
1743432485771 150.0 109
1743432492182 150.0 110
1743432498435 150.0 111
1743432505257 150.0 112
1743432512286 150.0 113
1743432519977 150.0 114
1743432527112 150.0 115
1743432534069 150.0 116
1743432536135 15.0 117
1743432542478 150.0 118
1743432549521 150.0 119
1743432555994 150.0 120
1743432562506 150.0 121
1743432569586 150.0 122
1743432577571 150.0 123
1743432585095 150.0 124
1743432591983 150.0 125
1743432599620 150.0 126
1743432605807 150.0 127
1743432612519 150.0 128
1743432619365 150.0 129
1743432626071 150.0 130
1743432632608 150.0 131
1743432639334 150.0 132
1743432645758 150.0 133
1743432652139 150.0 134
1743432658879 150.0 135
1743432665302 150.0 136
1743432672191 150.0 137
1743432678704 150.0 138
1743432685261 150.0 139
1743432691663 150.0 140
1743432699007 150.0 141
1743432705591 150.0 142
1743432712304 150.0 143
1743432719261 150.0 144
1743432725987 150.0 145
1743432732896 150.0 146
1743432739395 150.0 147
1743432745901 150.0 148
1743432752208 150.0 149
1743432758423 150.0 150
1743432764686 150.0 151
1743432767005 24.0 152
1743432773879 150.0 153
1743432780890 150.0 154
1743432781465 1.0 155
1743432782476 12.0 156
1743432789025 150.0 157
1743432795518 150.0 158
1743432802459 150.0 159
1743432809111 150.0 160
1743432815814 150.0 161
1743432822290 150.0 162
1743432828817 150.0 163
1743432835180 150.0 164
1743432842087 150.0 165
1743432848813 150.0 166
1743432855498 150.0 167
1743432862316 150.0 168
1743432868864 150.0 169
1743432875644 150.0 170
1743432882332 150.0 171
1743432889326 150.0 172
1743432895902 150.0 173
1743432902439 150.0 174
1743432908993 150.0 175
1743432915437 150.0 176
1743432921641 150.0 177
1743432928285 150.0 178
1743432934839 150.0 179
1743432940955 150.0 180
1743432947817 150.0 181
1743432954064 150.0 182
1743432960416 150.0 183
1743432962373 13.0 184
1743432969154 150.0 185
1743432975835 150.0 186
1743432982241 150.0 187
1743432988770 150.0 188
1743432995331 150.0 189
1743433002172 150.0 190
1743433008831 150.0 191
1743433014975 150.0 192
1743433021680 150.0 193
1743433028000 150.0 194
1743433034694 150.0 195
1743433041846 150.0 196
1743433042416 1.0 197
1743433048992 150.0 198
1743433050888 14.0 199
1743433057451 150.0 200
1743433064134 150.0 201
1743433070775 150.0 202
1743433074656 62.0 203
1743433080994 150.0 204
1743433081584 1.0 205
1743433088283 150.0 206
1743433095006 150.0 207
1743433096887 13.0 208
1743433103481 150.0 209
1743433109733 150.0 210
1743433116232 150.0 211
1743433122824 150.0 212
1743433129316 150.0 213
1743433129898 1.0 214
1743433136608 150.0 215
1743433142911 150.0 216
1743433144775 12.0 217
1743433151460 150.0 218
1743433157798 150.0 219
1743433164224 150.0 220
1743433170796 150.0 221
1743433177131 150.0 222
1743433183665 150.0 223
1743433184248 1.0 224
1743433190901 150.0 225
1743433197382 150.0 226
1743433204163 150.0 227
1743433210751 150.0 228
1743433217336 150.0 229
1743433217901 1.0 230
1743433224155 150.0 231
1743433230748 150.0 232
1743433237237 150.0 233
1743433244112 150.0 234
1743433244691 1.0 235
1743433251015 150.0 236
1743433257704 150.0 237
1743433263967 150.0 238
1743433270756 150.0 239
1743433277251 150.0 240
1743433283416 150.0 241
1743433289772 150.0 242
1743433290346 1.0 243
1743433296557 150.0 244
1743433303122 150.0 245
1743433303909 3.0 246
1743433310107 150.0 247
1743433316540 150.0 248
1743433323197 150.0 249
1743433329548 150.0 250
1743433335764 150.0 251
1743433342496 150.0 252
1743433348962 150.0 253
1743433355645 150.0 254
1743433362048 150.0 255
1743433368646 150.0 256
1743433375349 150.0 257
1743433381929 150.0 258
1743433388387 150.0 259
1743433394913 150.0 260
1743433401097 150.0 261
1743433407477 150.0 262
1743433413957 150.0 263
1743433420566 150.0 264
1743433427262 150.0 265
1743433433471 150.0 266
1743433439744 150.0 267
1743433446285 150.0 268
1743433452762 150.0 269
1743433459333 150.0 270
1743433466128 150.0 271
1743433473134 150.0 272
1743433479963 150.0 273
1743433486921 150.0 274
1743433493845 150.0 275
1743433500412 150.0 276
1743433507200 150.0 277
1743433514033 150.0 278
1743433520919 150.0 279
1743433527603 150.0 280
1743433534436 150.0 281
1743433540910 150.0 282
1743433547615 150.0 283
1743433554111 150.0 284
1743433560930 150.0 285
1743433567262 150.0 286
1743433574093 150.0 287
1743433581025 150.0 288
1743433588108 150.0 289
1743433595003 150.0 290
1743433596027 12.0 291
1743433602812 150.0 292
1743433609547 150.0 293
1743433616544 150.0 294
1743433623313 150.0 295
1743433630002 150.0 296
1743433630580 1.0 297
1743433636935 150.0 298
1743433643366 150.0 299
1743433649955 150.0 300
1743433656536 150.0 301
1743433663166 150.0 302
1743433669743 150.0 303
1743433676116 150.0 304
1743433682753 150.0 305
1743433683331 1.0 306
1743433689619 150.0 307
1743433696318 150.0 308
1743433702775 150.0 309
1743433709503 150.0 310
1743433712292 34.0 311
1743433719266 150.0 312
1743433725959 150.0 313
1743433732697 150.0 314
1743433739102 150.0 315
1743433740128 12.0 316
1743433740715 1.0 317
1743433747121 150.0 318
1743433753722 150.0 319
1743433760139 150.0 320
1743433766823 150.0 321
1743433773165 150.0 322
1743433779432 150.0 323
1743433786142 150.0 324
1743433792274 150.0 325
1743433798598 150.0 326
1743433805628 150.0 327
1743433812202 150.0 328
1743433818631 150.0 329
1743433825268 150.0 330
1743433832005 150.0 331
1743433832587 1.0 332
1743433839350 150.0 333
1743433846039 150.0 334
1743433852596 150.0 335
1743433859358 150.0 336
1743433865843 150.0 337
1743433872704 150.0 338
1743433879247 150.0 339
1743433879926 1.0 340
1743433886572 150.0 341
1743433892667 150.0 342
1743433899342 150.0 343
1743433906221 150.0 344
1743433912930 150.0 345
1743433913509 1.0 346
1743433920167 150.0 347
1743433926657 150.0 348
1743433933363 150.0 349
1743433940109 150.0 350
1743433946855 150.0 351
1743433953211 150.0 352
1743433960145 150.0 353
1743433967017 150.0 354
1743433973394 150.0 355
1743433979994 150.0 356
1743433986717 150.0 357
1743433992944 150.0 358
1743433999547 150.0 359
1743434006514 150.0 360
1743434013315 150.0 361
1743434020085 150.0 362
1743434026868 150.0 363
1743434027456 1.0 364
1743434034055 150.0 365
1743434040837 150.0 366
1743434047265 150.0 367
1743434053859 150.0 368
1743434060306 150.0 369
1743434066823 150.0 370
1743434070596 59.0 371
1743434077882 150.0 372
1743434084998 150.0 373
1743434091818 150.0 374
1743434098640 150.0 375
1743434105367 150.0 376
1743434111989 150.0 377
1743434118461 150.0 378
1743434125237 150.0 379
1743434131974 150.0 380
1743434138426 150.0 381
1743434145042 150.0 382
1743434151321 150.0 383
1743434151896 1.0 384
1743434154003 15.0 385
1743434161097 150.0 386
1743434167724 150.0 387
1743434174539 150.0 388
1743434181109 150.0 389
1743434187533 150.0 390
1743434193876 150.0 391
1743434200744 150.0 392
1743434201323 1.0 393
1743434207949 150.0 394
1743434214923 150.0 395
1743434221642 150.0 396
1743434228337 150.0 397
1743434235410 150.0 398
1743434242295 150.0 399
1743434249212 150.0 400
1743434255909 150.0 401
1743434262685 150.0 402
1743434269292 150.0 403
1743434275974 150.0 404
1743434283296 150.0 405
1743434290008 150.0 406
1743434296965 150.0 407
1743434303690 150.0 408
1743434310547 150.0 409
1743434317526 150.0 410
1743434324528 150.0 411
1743434331063 150.0 412
1743434337484 150.0 413
1743434344441 150.0 414
1743434350852 150.0 415
1743434357392 150.0 416
1743434363849 150.0 417
1743434370408 150.0 418
1743434377010 150.0 419
1743434383295 150.0 420
1743434389968 150.0 421
1743434396408 150.0 422
1743434402772 150.0 423
1743434409191 150.0 424
1743434409915 1.0 425
1743434416552 150.0 426
1743434423161 150.0 427
1743434429771 150.0 428
1743434436356 150.0 429
1743434436937 1.0 430
1743434443421 150.0 431
1743434450174 150.0 432
1743434456939 150.0 433
1743434463627 150.0 434
1743434470253 150.0 435
1743434470841 1.0 436
1743434477300 150.0 437
1743434484131 150.0 438
1743434491091 150.0 439
1743434491675 1.0 440
1743434498266 150.0 441
1743434504975 150.0 442
1743434511479 150.0 443
1743434517942 150.0 444
1743434524530 150.0 445
1743434531113 150.0 446
1743434538068 150.0 447
1743434544289 150.0 448
1743434550672 150.0 449
1743434557147 150.0 450
1743434563534 150.0 451
1743434570167 150.0 452
1743434576828 150.0 453
1743434583458 150.0 454
1743434590250 150.0 455
1743434597036 150.0 456
1743434603753 150.0 457
1743434610175 150.0 458
1743434616874 150.0 459
1743434623442 150.0 460
1743434629650 150.0 461
1743434635868 150.0 462
1743434638133 22.0 463
1743434644406 150.0 464
1743434650970 150.0 465
1743434657461 150.0 466
1743434663965 150.0 467
1743434670515 150.0 468
1743434676663 150.0 469
1743434682561 150.0 470
1743434688765 150.0 471
1743434695385 150.0 472
1743434702223 150.0 473
1743434708742 150.0 474
1743434715506 150.0 475
1743434721903 150.0 476
1743434728741 150.0 477
1743434735329 150.0 478
1743434742212 150.0 479
1743434749199 150.0 480
1743434755583 150.0 481
1743434762258 150.0 482
1743434768641 150.0 483
1743434775389 150.0 484
1743434781844 150.0 485
1743434788735 150.0 486
1743434795799 150.0 487
1743434796391 1.0 488
1743434803884 150.0 489
1743434810770 150.0 490
1743434818061 150.0 491
1743434824930 150.0 492
1743434832237 150.0 493
1743434839487 150.0 494
1743434846615 150.0 495
1743434853335 150.0 496
1743434859391 150.0 497
1743434865164 150.0 498
1743434871511 150.0 499
1743434877620 150.0 500
1743434883881 150.0 501
1743434889996 150.0 502
1743434895985 150.0 503
1743434902692 150.0 504
1743434908829 150.0 505
1743434909511 1.0 506
1743434915705 150.0 507
1743434921803 150.0 508
1743434927532 150.0 509
1743434933695 150.0 510
1743434939641 150.0 511
1743434945766 150.0 512
1743434947869 21.0 513
1743434953971 150.0 514
1743434956073 19.0 515
1743434962057 150.0 516
1743434962622 1.0 517
1743434968676 150.0 518
1743434974829 150.0 519
1743434980787 150.0 520
1743434986614 150.0 521
1743434992544 150.0 522
1743434998300 150.0 523
1743435004031 150.0 524
1743435009906 150.0 525
1743435016016 150.0 526
1743435021881 150.0 527
1743435027647 150.0 528
1743435033231 150.0 529
1743435039167 150.0 530
1743435045021 150.0 531
1743435050930 150.0 532
1743435057272 150.0 533
1743435063220 150.0 534
1743435069255 150.0 535
1743435075413 150.0 536
1743435081417 150.0 537
1743435081989 1.0 538
1743435088076 150.0 539
1743435093908 150.0 540
1743435094477 1.0 541
1743435100519 150.0 542
1743435106629 150.0 543
1743435112735 150.0 544
1743435114400 11.0 545
1743435120385 150.0 546
1743435122003 8.0 547
1743435127918 150.0 548
1743435133934 150.0 549
1743435139982 150.0 550
1743435145906 150.0 551
1743435146475 1.0 552
1743435152437 150.0 553
1743435158117 150.0 554
1743435163860 150.0 555
1743435169543 150.0 556
1743435174688 150.0 557
1743435179821 150.0 558
1743435184894 150.0 559
1743435190256 150.0 560
1743435195493 150.0 561
1743435200861 150.0 562
1743435201413 1.0 563
1743435206813 150.0 564
1743435212156 150.0 565
1743435217301 150.0 566
1743435222942 150.0 567
1743435228416 150.0 568
1743435235596 150.0 569
1743435243378 150.0 570
1743435250295 150.0 571
1743435257438 150.0 572
1743435264441 150.0 573
1743435271587 150.0 574
1743435278355 150.0 575
1743435285109 150.0 576
1743435291985 150.0 577
1743435293757 11.0 578
1743435300804 150.0 579
1743435307933 150.0 580
1743435314960 150.0 581
1743435322015 150.0 582
1743435323899 11.0 583
1743435331223 150.0 584
1743435339271 150.0 585
1743435346436 150.0 586
1743435353285 150.0 587
1743435353876 1.0 588
1743435360676 150.0 589
1743435362462 11.0 590
1743435368999 150.0 591
1743435374905 150.0 592
1743435382063 150.0 593
1743435389581 150.0 594
1743435396447 150.0 595
1743435403329 150.0 596
1743435410007 150.0 597
1743435416999 150.0 598
1743435424001 150.0 599
1743435431575 150.0 600
1743435438591 150.0 601
1743435446240 150.0 602
1743435452886 150.0 603
1743435459789 150.0 604
1743435460362 1.0 605
1743435467099 150.0 606
1743435474243 150.0 607
1743435481285 150.0 608
1743435489278 150.0 609
1743435496014 150.0 610
1743435502875 150.0 611
1743435509831 150.0 612
1743435516549 150.0 613
1743435524199 150.0 614
1743435524786 1.0 615
1743435532129 150.0 616
1743435541129 150.0 617
1743435548137 150.0 618
1743435555541 150.0 619
1743435563140 150.0 620
1743435570901 150.0 621
1743435579069 150.0 622
1743435586127 150.0 623
1743435587935 8.0 624
1743435588522 1.0 625
1743435589097 1.0 626
1743435595327 150.0 627
1743435596051 1.0 628
1743435602803 150.0 629
1743435609800 150.0 630
1743435616451 150.0 631
1743435623419 150.0 632
1743435631388 150.0 633
1743435637918 150.0 634
1743435638514 1.0 635
1743435645371 150.0 636
1743435651818 150.0 637
1743435652401 1.0 638
1743435659219 150.0 639
1743435660061 7.0 640
1743435666573 150.0 641
1743435668830 20.0 642
1743435675329 150.0 643
1743435681899 150.0 644
1743435688575 150.0 645
1743435696424 150.0 646
1743435703877 150.0 647
1743435710746 150.0 648
1743435718540 150.0 649
1743435726328 150.0 650
1743435733645 150.0 651
1743435740488 150.0 652
1743435747327 150.0 653
1743435754191 150.0 654
1743435761850 150.0 655
1743435769438 150.0 656
1743435776884 150.0 657
1743435783825 150.0 658
1743435791937 150.0 659
1743435799171 150.0 660
1743435806202 150.0 661
1743435813017 150.0 662
1743435820548 150.0 663
1743435827466 150.0 664
1743435833684 150.0 665
1743435840358 150.0 666
1743435842124 11.0 667
1743435848786 150.0 668
1743435849777 6.0 669
1743435856915 150.0 670
1743435864140 150.0 671
1743435871081 150.0 672
1743435877594 150.0 673
1743435884901 150.0 674
1743435891720 110.0 675
1743435899014 150.0 676
1743435906039 150.0 677
1743435912800 150.0 678
1743435919763 150.0 679
1743435927028 150.0 680
1743435933929 150.0 681
1743435940762 150.0 682
1743435942908 14.0 683
1743435943497 1.0 684
1743435949923 150.0 685
1743435956450 150.0 686
1743435964279 150.0 687
1743435970891 150.0 688
1743435977326 150.0 689
1743435985007 150.0 690
1743435992200 150.0 691
1743435999309 150.0 692
1743436007070 150.0 693
1743436014294 150.0 694
1743436021139 150.0 695
1743436028958 150.0 696
1743436036561 150.0 697
1743436044138 150.0 698
1743436050922 150.0 699
1743436057650 150.0 700
1743436064654 150.0 701
1743436071360 150.0 702
1743436078313 150.0 703
1743436079079 1.0 704
1743436085852 150.0 705
1743436086440 1.0 706
1743436093055 150.0 707
1743436099697 150.0 708
1743436101681 14.0 709
1743436108269 150.0 710
1743436115538 150.0 711
1743436122562 150.0 712
1743436129519 150.0 713
1743436131342 11.0 714
1743436137879 150.0 715
1743436144800 150.0 716
1743436146644 11.0 717
1743436153440 150.0 718
1743436160044 150.0 719
1743436166682 150.0 720
1743436172959 150.0 721
1743436179394 150.0 722
1743436186132 150.0 723
1743436192805 150.0 724
1743436199413 150.0 725
1743436205850 150.0 726
1743436213196 150.0 727
1743436220035 150.0 728
1743436226793 150.0 729
1743436233159 150.0 730
1743436239730 150.0 731
1743436246544 150.0 732
1743436253553 150.0 733
1743436260189 150.0 734
1743436267050 150.0 735
1743436273594 150.0 736
1743436274329 5.0 737
1743436281450 150.0 738
1743436288051 150.0 739
1743436294560 150.0 740
1743436301801 150.0 741
1743436308691 150.0 742
1743436315523 150.0 743
1743436316117 1.0 744
1743436322935 150.0 745
1743436324827 12.0 746
1743436332119 150.0 747
1743436339545 150.0 748
1743436340144 1.0 749
1743436347156 150.0 750
1743436354442 150.0 751
1743436361655 150.0 752
1743436368750 150.0 753
1743436375611 150.0 754
1743436382655 150.0 755
1743436389457 150.0 756
1743436396440 150.0 757
1743436403423 150.0 758
1743436410517 150.0 759
1743436416900 150.0 760
1743436423476 150.0 761
1743436430471 150.0 762
1743436437305 150.0 763
1743436443912 150.0 764
1743436450325 150.0 765
1743436457018 150.0 766
1743436463617 150.0 767
1743436464341 1.0 768
1743436464935 1.0 769
1743436471615 150.0 770
1743436478271 150.0 771
1743436484917 150.0 772
1743436491510 150.0 773
1743436498276 150.0 774
1743436505321 150.0 775
1743436512084 150.0 776
1743436519265 150.0 777
1743436526403 150.0 778
1743436533494 150.0 779
1743436540456 150.0 780
1743436547861 150.0 781
1743436548455 1.0 782
1743436555021 150.0 783
1743436557205 19.0 784
1743436564090 150.0 785
1743436570240 150.0 786
1743436576468 150.0 787
1743436577055 1.0 788
1743436583932 150.0 789
1743436591409 150.0 790
1743436597916 150.0 791
1743436598531 1.0 792
1743436604927 150.0 793
1743436611435 150.0 794
1743436618296 150.0 795
1743436624985 150.0 796
1743436631709 150.0 797
1743436638233 150.0 798
1743436644622 150.0 799
1743436651780 150.0 800
1743436658348 150.0 801
1743436665546 150.0 802
1743436672521 150.0 803
1743436673134 1.0 804
1743436680180 150.0 805
1743436687404 150.0 806
1743436694068 150.0 807
1743436700615 150.0 808
1743436707526 150.0 809
1743436710817 47.0 810
1743436718162 150.0 811
1743436724909 150.0 812
1743436732376 150.0 813
1743436739582 150.0 814
1743436746822 150.0 815
1743436754338 150.0 816
1743436761817 150.0 817
1743436768280 150.0 818
1743436775457 150.0 819
1743436783065 150.0 820
1743436791667 150.0 821
1743436798373 150.0 822
1743436804705 150.0 823
1743436812509 150.0 824
1743436819715 150.0 825
1743436826771 150.0 826
1743436834261 150.0 827
1743436840782 150.0 828
1743436847484 150.0 829
1743436854560 150.0 830
1743436856969 13.0 831
1743436864168 150.0 832
1743436871689 150.0 833
1743436878613 150.0 834
1743436886335 150.0 835
1743436893075 150.0 836
1743436901115 150.0 837
1743436910394 150.0 838
1743436918466 150.0 839
1743436925857 150.0 840
1743436933595 150.0 841
1743436940243 150.0 842
1743436946835 150.0 843
1743436947425 1.0 844
1743436954250 150.0 845
1743436960985 150.0 846
1743436967644 150.0 847
1743436968238 1.0 848
1743436975404 150.0 849
1743436982777 150.0 850
1743436989083 150.0 851
1743436995654 150.0 852
1743437002497 150.0 853
1743437009269 150.0 854
1743437016738 150.0 855
1743437024130 150.0 856
1743437031574 150.0 857
1743437039126 150.0 858
1743437046523 150.0 859
1743437053062 150.0 860
1743437059723 150.0 861
1743437066950 150.0 862
1743437074876 150.0 863
1743437082054 150.0 864
1743437088592 150.0 865
1743437095752 150.0 866
1743437102228 150.0 867
1743437108637 150.0 868
1743437115568 150.0 869
1743437122630 150.0 870
1743437129632 150.0 871
1743437136761 150.0 872
1743437143861 150.0 873
1743437150862 150.0 874
1743437157791 150.0 875
1743437165234 150.0 876
1743437171843 150.0 877
1743437178135 150.0 878
1743437184279 150.0 879
1743437191703 150.0 880
1743437192289 1.0 881
1743437199537 150.0 882
1743437206144 150.0 883
1743437212540 150.0 884
1743437219574 150.0 885
1743437226234 150.0 886
1743437233484 150.0 887
1743437241015 150.0 888
1743437247988 150.0 889
1743437254740 150.0 890
1743437261224 150.0 891
1743437267728 150.0 892
1743437274813 150.0 893
1743437281420 150.0 894
1743437288527 150.0 895
1743437295847 150.0 896
1743437303315 150.0 897
1743437310171 150.0 898
1743437316996 150.0 899
1743437323772 150.0 900
1743437330994 150.0 901
1743437338644 150.0 902
1743437346101 150.0 903
1743437352371 150.0 904
1743437358566 150.0 905
1743437365870 150.0 906
1743437372555 150.0 907
1743437379290 150.0 908
1743437387966 150.0 909
1743437394583 150.0 910
1743437402534 150.0 911
1743437408853 150.0 912
1743437415192 150.0 913
1743437421846 150.0 914
1743437430140 150.0 915
1743437437723 150.0 916
1743437445458 150.0 917
1743437452610 150.0 918
1743437459752 150.0 919
1743437466252 150.0 920
1743437473390 150.0 921
1743437480053 150.0 922
1743437486907 150.0 923
1743437494319 150.0 924
1743437500953 150.0 925
1743437507765 150.0 926
1743437514863 150.0 927
1743437521518 150.0 928
1743437525879 75.0 929
1743437532597 150.0 930
1743437539457 150.0 931
1743437546340 150.0 932
1743437552479 150.0 933
1743437558529 150.0 934
1743437565333 150.0 935
1743437572411 150.0 936
1743437579585 150.0 937
1743437586224 150.0 938
1743437592243 150.0 939
1743437599091 150.0 940
1743437605583 150.0 941
1743437612043 150.0 942
1743437618688 150.0 943
1743437625592 150.0 944
1743437632191 150.0 945
1743437639075 150.0 946
1743437645713 150.0 947
1743437652164 150.0 948
1743437659026 150.0 949
1743437665645 150.0 950
1743437666237 1.0 951
1743437673874 150.0 952
1743437680658 150.0 953
1743437687356 150.0 954
1743437694293 150.0 955
1743437701246 150.0 956
1743437707927 150.0 957
1743437709640 11.0 958
1743437715942 150.0 959
1743437722977 150.0 960
1743437729988 150.0 961
1743437736827 150.0 962
1743437743540 150.0 963
1743437750464 150.0 964
1743437757071 150.0 965
1743437763165 150.0 966
1743437769321 150.0 967
1743437776137 150.0 968
1743437783018 150.0 969
1743437789883 150.0 970
1743437796806 150.0 971
1743437803614 150.0 972
1743437810624 150.0 973
1743437817475 150.0 974
1743437824452 150.0 975
1743437831326 150.0 976
1743437833632 18.0 977
1743437840461 150.0 978
1743437847633 150.0 979
1743437854890 150.0 980
1743437862148 150.0 981
1743437869550 150.0 982
1743437870146 1.0 983
1743437877166 150.0 984
1743437884480 150.0 985
1743437886514 15.0 986
1743437894004 150.0 987
1743437901032 150.0 988
1743437901630 1.0 989
1743437908822 150.0 990
1743437915789 150.0 991
1743437922517 150.0 992
1743437929151 150.0 993
1743437935751 150.0 994
1743437942830 150.0 995
1743437949389 150.0 996
1743437955831 150.0 997
1743437962590 150.0 998
1743437969597 150.0 999
1743437976610 150.0 1000
1743437983717 150.0 1001
1743437990489 150.0 1002
1743437997343 150.0 1003
1743438004351 150.0 1004
1743438011023 150.0 1005
1743438017875 150.0 1006
1743438024880 150.0 1007
1743438031688 150.0 1008
1743438038793 150.0 1009
1743438045290 150.0 1010
1743438052175 150.0 1011
1743438059305 150.0 1012
1743438066307 150.0 1013
1743438072927 150.0 1014
1743438075055 19.0 1015
1743438081907 150.0 1016
1743438088429 150.0 1017
1743438095563 150.0 1018
1743438102941 150.0 1019
1743438110138 150.0 1020
1743438117326 150.0 1021
1743438117924 1.0 1022
1743438125293 150.0 1023
1743438131651 150.0 1024
1743438138242 150.0 1025
1743438144851 150.0 1026
1743438151922 150.0 1027
1743438159075 150.0 1028
1743438166329 150.0 1029
1743438166917 1.0 1030
1743438173929 150.0 1031
1743438180995 150.0 1032
1743438188078 150.0 1033
1743438194760 150.0 1034
1743438200915 150.0 1035
1743438207594 150.0 1036
1743438213887 150.0 1037
1743438220052 150.0 1038
1743438226794 150.0 1039
1743438232796 150.0 1040
1743438240031 150.0 1041
1743438246930 150.0 1042
1743438253931 150.0 1043
1743438260860 150.0 1044
1743438267647 150.0 1045
1743438274376 150.0 1046
1743438281338 150.0 1047
1743438287970 150.0 1048
1743438294692 150.0 1049
1743438301486 150.0 1050
1743438308343 150.0 1051
1743438315242 150.0 1052
1743438322388 150.0 1053
1743438328662 150.0 1054
1743438335103 150.0 1055
1743438341944 150.0 1056
1743438343972 9.0 1057
1743438352495 150.0 1058
1743438353094 1.0 1059
1743438359546 150.0 1060
1743438366941 150.0 1061
1743438373186 150.0 1062
1743438379932 150.0 1063
1743438386234 150.0 1064
1743438392812 150.0 1065
1743438399104 150.0 1066
1743438405467 150.0 1067
1743438411783 150.0 1068
1743438418595 150.0 1069
1743438425520 150.0 1070
1743438432331 150.0 1071
1743438439130 150.0 1072
1743438445817 150.0 1073
1743438452592 150.0 1074
1743438459392 150.0 1075
1743438466237 150.0 1076
1743438472792 150.0 1077
1743438479731 150.0 1078
1743438486468 150.0 1079
1743438492934 150.0 1080
1743438499637 150.0 1081
1743438500372 1.0 1082
1743438506927 150.0 1083
1743438513323 150.0 1084
1743438519761 150.0 1085
1743438526501 150.0 1086
1743438532985 150.0 1087
1743438539369 150.0 1088
1743438545677 150.0 1089
1743438552205 150.0 1090
1743438558798 150.0 1091
1743438564826 150.0 1092
1743438571006 150.0 1093
1743438577256 150.0 1094
1743438584047 150.0 1095
1743438591363 150.0 1096
1743438598866 150.0 1097
1743438605222 150.0 1098
1743438611629 150.0 1099
1743438614424 37.0 1100
1743438615009 1.0 1101
1743438621261 150.0 1102
1743438627760 150.0 1103
1743438634735 150.0 1104
1743438641433 150.0 1105
1743438648666 150.0 1106
1743438655577 150.0 1107
1743438656170 1.0 1108
1743438662937 150.0 1109
1743438669869 150.0 1110
1743438676753 150.0 1111
1743438683697 150.0 1112
1743438690802 150.0 1113
1743438697707 150.0 1114
1743438704661 150.0 1115
1743438706701 15.0 1116
1743438713263 150.0 1117
1743438717283 60.0 1118
1743438723144 150.0 1119
1743438729943 150.0 1120
1743438736765 150.0 1121
1743438743292 150.0 1122
1743438749876 150.0 1123
1743438756119 150.0 1124
1743438756874 1.0 1125
1743438763761 150.0 1126
1743438770603 150.0 1127
1743438777432 150.0 1128
1743438778017 1.0 1129
1743438784746 150.0 1130
1743438791504 150.0 1131
1743438798362 150.0 1132
1743438804545 150.0 1133
1743438805128 1.0 1134
1743438805716 1.0 1135
1743438812200 150.0 1136
1743438819062 150.0 1137
1743438821111 14.0 1138
1743438827904 150.0 1139
1743438834612 150.0 1140
1743438841113 150.0 1141
1743438847716 150.0 1142
1743438854522 150.0 1143
1743438861223 150.0 1144
1743438867721 150.0 1145
1743438874533 150.0 1146
1743438880978 150.0 1147
1743438887772 150.0 1148
1743438894428 150.0 1149
1743438901274 150.0 1150
1743438908257 150.0 1151
1743438915623 150.0 1152
1743438922403 150.0 1153
1743438929177 150.0 1154
1743438936290 150.0 1155
1743438943174 150.0 1156
1743438949618 150.0 1157
1743438956681 150.0 1158
1743438963090 150.0 1159
1743438970057 150.0 1160
1743438976888 150.0 1161
1743438983377 150.0 1162
1743438989920 150.0 1163
1743438996690 150.0 1164
1743439003547 150.0 1165
1743439010295 150.0 1166
1743439016793 150.0 1167
1743439023269 150.0 1168
1743439030067 150.0 1169
1743439036864 150.0 1170
1743439043028 150.0 1171
1743439049479 150.0 1172
1743439055901 150.0 1173
1743439062127 150.0 1174
1743439068690 150.0 1175
1743439069282 1.0 1176
1743439075460 150.0 1177
1743439081832 150.0 1178
1743439088339 150.0 1179
1743439094622 150.0 1180
1743439101436 150.0 1181
1743439108326 150.0 1182
1743439115270 150.0 1183
1743439122034 150.0 1184
1743439126195 68.0 1185
1743439132378 150.0 1186
1743439138705 150.0 1187
1743439145730 150.0 1188
1743439146366 2.0 1189
1743439146939 1.0 1190
1743439153700 150.0 1191
1743439160412 150.0 1192
1743439167332 150.0 1193
1743439169721 20.0 1194
1743439176935 150.0 1195
1743439183662 150.0 1196
1743439190525 150.0 1197
1743439197449 150.0 1198
1743439204110 150.0 1199
1743439209931 150.0 1200
1743439216344 150.0 1201
1743439217078 1.0 1202
1743439218749 9.0 1203
1743439225548 150.0 1204
1743439232544 150.0 1205
1743439239399 150.0 1206
1743439239992 1.0 1207
1743439246781 150.0 1208
1743439253657 150.0 1209
1743439260539 150.0 1210
1743439267317 150.0 1211
1743439274098 150.0 1212
1743439280639 150.0 1213
1743439287448 150.0 1214
1743439289571 17.0 1215
1743439296350 150.0 1216
1743439303417 150.0 1217
1743439310746 150.0 1218
1743439317973 150.0 1219
1743439325126 150.0 1220
1743439331751 150.0 1221
1743439338906 150.0 1222
1743439340965 17.0 1223
1743439347801 150.0 1224
1743439354512 150.0 1225
1743439361007 150.0 1226
1743439367613 150.0 1227
1743439374224 150.0 1228
1743439380889 150.0 1229
1743439387600 150.0 1230
1743439394353 150.0 1231
1743439401060 150.0 1232
1743439407833 150.0 1233
1743439414704 150.0 1234
1743439421179 150.0 1235
1743439427846 150.0 1236
1743439434941 150.0 1237
1743439441844 150.0 1238
1743439448784 150.0 1239
1743439455646 150.0 1240
1743439462459 150.0 1241
1743439469289 150.0 1242
1743439476149 150.0 1243
1743439482923 150.0 1244
1743439489851 150.0 1245
1743439496646 150.0 1246
1743439503518 150.0 1247
1743439510236 150.0 1248
1743439516906 150.0 1249
1743439523849 150.0 1250
1743439531037 150.0 1251
1743439538065 150.0 1252
1743439544978 150.0 1253
1743439551901 150.0 1254
1743439556026 61.0 1255
1743439562788 150.0 1256
1743439569857 150.0 1257
1743439576828 150.0 1258
1743439578559 8.0 1259
1743439585322 150.0 1260
1743439592629 150.0 1261
1743439599455 150.0 1262
1743439605831 150.0 1263
1743439612643 150.0 1264
1743439619677 150.0 1265
1743439621810 17.0 1266
1743439628455 150.0 1267
1743439635351 150.0 1268
1743439642223 150.0 1269
1743439648784 150.0 1270
1743439655226 150.0 1271
1743439657263 14.0 1272
1743439664113 150.0 1273
1743439670754 150.0 1274
1743439677859 150.0 1275
1743439678449 1.0 1276
1743439685382 150.0 1277
1743439692324 150.0 1278
1743439699018 150.0 1279
1743439705891 150.0 1280
1743439712583 150.0 1281
1743439719393 150.0 1282
1743439726473 150.0 1283
1743439729187 37.0 1284
1743439735456 150.0 1285
1743439736379 5.0 1286
1743439743673 150.0 1287
1743439750690 150.0 1288
1743439751287 1.0 1289
1743439753971 31.0 1290
1743439760708 150.0 1291
1743439767730 150.0 1292
1743439774972 150.0 1293
1743439781568 150.0 1294
1743439788397 150.0 1295
1743439795127 150.0 1296
1743439796931 13.0 1297
1743439804142 150.0 1298
1743439810892 150.0 1299
1743439818266 150.0 1300
1743439825062 150.0 1301
1743439831914 150.0 1302
1743439833643 10.0 1303
1743439840466 150.0 1304
1743439847182 150.0 1305
1743439847946 1.0 1306
1743439854996 150.0 1307
1743439861514 150.0 1308
1743439868450 150.0 1309
1743439875604 150.0 1310
1743439882400 150.0 1311
1743439889412 150.0 1312
1743439896558 150.0 1313
1743439903535 150.0 1314
1743439910117 150.0 1315
1743439917318 150.0 1316
1743439924449 150.0 1317
1743439926210 9.0 1318
1743439927047 7.0 1319
1743439928758 9.0 1320
1743439935936 150.0 1321
1743439942957 150.0 1322
1743439945596 32.0 1323
1743439952278 150.0 1324
1743439952865 1.0 1325
1743439953462 1.0 1326
1743439960448 150.0 1327
1743439967713 150.0 1328
1743439974658 150.0 1329
1743439981955 150.0 1330
1743439989298 150.0 1331
1743439996575 150.0 1332
1743440003870 150.0 1333
1743440004741 4.0 1334
1743440011810 150.0 1335
1743440018484 150.0 1336
1743440025101 150.0 1337
1743440031939 150.0 1338
1743440038755 150.0 1339
1743440045560 150.0 1340
1743440052635 150.0 1341
1743440059773 150.0 1342
1743440066492 150.0 1343
1743440073251 150.0 1344
1743440080163 150.0 1345
1743440087304 150.0 1346
1743440089388 15.0 1347
1743440096094 150.0 1348
1743440102982 150.0 1349
1743440103582 1.0 1350
1743440110401 150.0 1351
1743440116935 150.0 1352
1743440123498 150.0 1353
1743440125385 14.0 1354
1743440132211 150.0 1355
1743440138962 150.0 1356
1743440139546 1.0 1357
1743440146542 150.0 1358
1743440152385 150.0 1359
1743440159150 150.0 1360
1743440162311 18.0 1361
1743440169374 150.0 1362
1743440176304 150.0 1363
1743440183087 150.0 1364
1743440184841 11.0 1365
1743440191795 150.0 1366
1743440198404 150.0 1367
1743440205761 150.0 1368
1743440212346 150.0 1369
1743440219466 150.0 1370
1743440226235 150.0 1371
1743440230357 68.0 1372
1743440236957 150.0 1373
1743440243828 150.0 1374
1743440250591 150.0 1375
1743440257606 150.0 1376
1743440264479 150.0 1377
1743440271361 150.0 1378
1743440278534 150.0 1379
1743440285289 150.0 1380
1743440292273 150.0 1381
1743440299103 150.0 1382
1743440306010 150.0 1383
1743440313164 150.0 1384
1743440320191 150.0 1385
1743440326908 150.0 1386
1743440333883 150.0 1387
1743440340739 150.0 1388
1743440347286 150.0 1389
1743440354136 150.0 1390
1743440360292 150.0 1391
1743440366928 150.0 1392
1743440373368 150.0 1393
1743440379976 150.0 1394
1743440386672 150.0 1395
1743440392576 150.0 1396
1743440399384 150.0 1397
1743440406192 150.0 1398
1743440413169 150.0 1399
1743440419952 150.0 1400
1743440426707 150.0 1401
1743440427304 1.0 1402
1743440433998 150.0 1403
1743440440829 150.0 1404
1743440447886 150.0 1405
1743440454704 150.0 1406
1743440461296 150.0 1407
1743440467894 150.0 1408
1743440475009 150.0 1409
1743440481486 150.0 1410
1743440483518 16.0 1411
1743440487438 77.0 1412
1743440494343 150.0 1413
1743440501418 150.0 1414
1743440508308 150.0 1415
1743440514838 150.0 1416
1743440521505 150.0 1417
1743440528549 150.0 1418
1743440535124 150.0 1419
1743440541608 150.0 1420
1743440543371 10.0 1421
1743440550347 150.0 1422
1743440557345 150.0 1423
1743440564380 150.0 1424
1743440571179 150.0 1425
1743440578572 150.0 1426
1743440585378 150.0 1427
1743440591753 150.0 1428
1743440592355 1.0 1429
1743440594156 13.0 1430
1743440601337 150.0 1431
1743440603642 24.0 1432
1743440604393 1.0 1433
1743440611674 150.0 1434
1743440618779 150.0 1435
1743440626070 150.0 1436
1743440633053 150.0 1437
1743440640117 150.0 1438
1743440647334 150.0 1439
1743440649328 12.0 1440
1743440652110 31.0 1441
1743440658770 150.0 1442
1743440665615 150.0 1443
1743440672421 150.0 1444
1743440679181 150.0 1445
1743440686156 150.0 1446
1743440692695 150.0 1447
1743440699340 150.0 1448
1743440705986 150.0 1449
1743440712525 150.0 1450
1743440719246 150.0 1451
1743440726445 150.0 1452
1743440733412 150.0 1453
1743440740279 150.0 1454
1743440747135 150.0 1455
1743440753791 150.0 1456
1743440760394 150.0 1457
1743440766933 150.0 1458
1743440773742 150.0 1459
1743440780114 150.0 1460
1743440780866 1.0 1461
1743440787780 150.0 1462
1743440794765 150.0 1463
1743440801487 150.0 1464
1743440808278 150.0 1465
1743440815231 150.0 1466
1743440821847 150.0 1467
1743440823730 9.0 1468
1743440830257 150.0 1469
1743440836831 150.0 1470
1743440837441 1.0 1471
1743440844352 150.0 1472
1743440846296 14.0 1473
1743440853333 150.0 1474
1743440860381 150.0 1475
1743440867179 150.0 1476
1743440873980 150.0 1477
1743440881312 150.0 1478
1743440888100 150.0 1479
1743440895058 150.0 1480
1743440902220 150.0 1481
1743440909031 150.0 1482
1743440911325 21.0 1483
1743440918220 150.0 1484
1743440924823 150.0 1485
1743440931442 150.0 1486
1743440932040 1.0 1487
1743440938940 150.0 1488
1743440939696 1.0 1489
1743440946976 150.0 1490
1743440954027 150.0 1491
1743440960712 150.0 1492
1743440967792 150.0 1493
1743440974276 150.0 1494
1743440980871 150.0 1495
1743440988318 150.0 1496
1743440995427 150.0 1497
1743441002680 150.0 1498
1743441009663 150.0 1499
1743441016742 150.0 1500
1743441023642 150.0 1501
1743441031102 150.0 1502
1743441038398 150.0 1503
1743441039002 1.0 1504
1743441046216 150.0 1505
1743441053247 150.0 1506
1743441059922 150.0 1507
1743441066821 150.0 1508
1743441073918 150.0 1509
1743441080896 150.0 1510
1743441082720 11.0 1511
1743441089578 150.0 1512
1743441096472 150.0 1513
1743441103011 150.0 1514
1743441109474 150.0 1515
1743441116104 150.0 1516
1743441123060 150.0 1517
1743441129826 150.0 1518
1743441136698 150.0 1519
1743441137297 1.0 1520
1743441143688 150.0 1521
1743441150374 150.0 1522
1743441157019 150.0 1523
1743441159628 26.0 1524
1743441166407 150.0 1525
1743441173112 150.0 1526
1743441179817 150.0 1527
1743441182081 22.0 1528
1743441189250 150.0 1529
1743441196230 150.0 1530
1743441203037 150.0 1531
1743441209588 150.0 1532
1743441210176 1.0 1533
1743441217065 150.0 1534
1743441224192 150.0 1535
1743441231444 150.0 1536
1743441238696 150.0 1537
1743441240632 9.0 1538
1743441247844 150.0 1539
1743441254696 150.0 1540
1743441261764 150.0 1541
1743441269168 150.0 1542
1743441270026 7.0 1543
1743441277301 150.0 1544
1743441284542 150.0 1545
1743441291382 150.0 1546
1743441298505 150.0 1547
1743441305175 150.0 1548
1743441311924 150.0 1549
1743441318866 150.0 1550
1743441325813 150.0 1551
1743441332912 150.0 1552
1743441339847 150.0 1553
1743441340449 1.0 1554
1743441342459 15.0 1555
1743441349506 150.0 1556
1743441356426 150.0 1557
1743441363740 150.0 1558
1743441370337 150.0 1559
1743441377158 150.0 1560
1743441383592 150.0 1561
1743441390302 150.0 1562
1743441396908 150.0 1563
1743441403569 150.0 1564
1743441410188 150.0 1565
1743441417044 150.0 1566
1743441417632 1.0 1567
1743441424676 150.0 1568
1743441431505 150.0 1569
1743441437829 150.0 1570
1743441444784 150.0 1571
1743441451610 150.0 1572
1743441453741 14.0 1573
1743441460511 150.0 1574
1743441467326 150.0 1575
1743441473717 150.0 1576
1743441476238 26.0 1577
1743441478221 15.0 1578
1743441484698 150.0 1579
1743441491544 150.0 1580
1743441498545 150.0 1581
1743441505682 150.0 1582
1743441512809 150.0 1583
1743441513404 1.0 1584
1743441519913 150.0 1585
1743441527124 150.0 1586
1743441534009 150.0 1587
1743441541343 150.0 1588
1743441548511 150.0 1589
1743441555404 150.0 1590
1743441557043 9.0 1591
1743441563770 150.0 1592
1743441570699 150.0 1593
1743441577454 150.0 1594
1743441584324 150.0 1595
1743441590987 150.0 1596
1743441597692 150.0 1597
1743441605592 150.0 1598
1743441608727 44.0 1599
1743441615868 150.0 1600
1743441622953 150.0 1601
1743441629856 150.0 1602
1743441636410 150.0 1603
1743441643294 150.0 1604
1743441649932 150.0 1605
1743441658437 150.0 1606
1743441660115 9.0 1607
1743441665854 150.0 1608
1743441671076 150.0 1609
1743441676402 150.0 1610
1743441676985 1.0 1611
1743441682232 150.0 1612
1743441687438 150.0 1613
1743441691667 83.0 1614
1743441696952 150.0 1615
1743441702278 150.0 1616
1743441707389 150.0 1617
1743441712785 150.0 1618
1743441717914 150.0 1619
1743441723084 150.0 1620
1743441728226 150.0 1621
1743441733562 150.0 1622
1743441739083 150.0 1623
1743441744443 150.0 1624
1743441749582 150.0 1625
1743441755024 150.0 1626
1743441760392 150.0 1627
1743441765762 150.0 1628
1743441770904 150.0 1629
1743441776301 150.0 1630
1743441781665 150.0 1631
1743441786868 150.0 1632
1743441792078 150.0 1633
1743441797495 150.0 1634
1743441802746 150.0 1635
1743441808218 150.0 1636
1743441813487 150.0 1637
1743441818564 150.0 1638
1743441824049 150.0 1639
1743441829168 150.0 1640
1743441834431 150.0 1641
1743441836387 10.0 1642
1743441841604 150.0 1643
1743441846940 150.0 1644
1743441852289 150.0 1645
1743441857725 150.0 1646
1743441862810 150.0 1647
1743441863390 1.0 1648
1743441868619 150.0 1649
1743441873921 150.0 1650
1743441879239 150.0 1651
1743441884467 150.0 1652
1743441889708 150.0 1653
1743441894930 150.0 1654
1743441900232 150.0 1655
1743441905453 150.0 1656
1743441910872 150.0 1657
1743441916206 150.0 1658
1743441921489 150.0 1659
1743441926639 150.0 1660
1743441931826 150.0 1661
1743441937049 150.0 1662
1743441942302 150.0 1663
1743441947781 150.0 1664
1743441953149 150.0 1665
1743441953723 1.0 1666
1743441958762 150.0 1667
1743441963928 150.0 1668
1743441969165 150.0 1669
1743441974581 150.0 1670
1743441979685 150.0 1671
1743441984878 150.0 1672
1743441990009 150.0 1673
1743441995197 150.0 1674
1743442000398 150.0 1675
1743442002283 14.0 1676
1743442007664 150.0 1677
1743442013009 150.0 1678
1743442018204 150.0 1679
1743442023402 150.0 1680
1743442023987 1.0 1681
1743442029233 150.0 1682
1743442034414 150.0 1683
1743442034989 1.0 1684
1743442040399 150.0 1685
1743442045626 150.0 1686
1743442050684 150.0 1687
1743442055800 150.0 1688
1743442060936 150.0 1689
1743442066233 150.0 1690
1743442071514 150.0 1691
1743442076954 150.0 1692
1743442081882 150.0 1693
1743442087354 150.0 1694
1743442087934 1.0 1695
1743442093006 150.0 1696
1743442094719 11.0 1697
1743442100158 150.0 1698
1743442105350 150.0 1699
1743442105935 1.0 1700
1743442111133 150.0 1701
1743442116293 150.0 1702
1743442121510 150.0 1703
1743442126697 150.0 1704
1743442131783 150.0 1705
1743442137132 150.0 1706
1743442142442 150.0 1707
1743442147930 150.0 1708
1743442153172 150.0 1709
1743442158417 150.0 1710
1743442163715 150.0 1711
1743442169194 150.0 1712
1743442174671 150.0 1713
1743442179855 150.0 1714
1743442184960 150.0 1715
1743442190142 150.0 1716
1743442192063 17.0 1717
1743442197108 150.0 1718
1743442200583 70.0 1719
1743442206120 150.0 1720
1743442211409 150.0 1721
1743442213459 20.0 1722
1743442218734 150.0 1723
1743442224026 150.0 1724
1743442229152 150.0 1725
1743442234504 150.0 1726
1743442239857 150.0 1727
1743442245194 150.0 1728
1743442250537 150.0 1729
1743442255803 150.0 1730
1743442261181 150.0 1731
1743442266572 150.0 1732
1743442271890 150.0 1733
1743442272604 1.0 1734
1743442277879 150.0 1735
1743442283244 150.0 1736
1743442284190 11.0 1737
1743442289516 150.0 1738
1743442294741 150.0 1739
1743442299871 150.0 1740
1743442305409 150.0 1741
1743442306088 4.0 1742
1743442311142 150.0 1743
1743442312922 10.0 1744
1743442318268 150.0 1745
1743442323601 150.0 1746
1743442328794 150.0 1747
1743442334327 150.0 1748
1743442339754 150.0 1749
1743442344899 150.0 1750
1743442345483 1.0 1751
1743442350847 150.0 1752
1743442356032 150.0 1753
1743442356736 1.0 1754
1743442361926 150.0 1755
1743442367060 150.0 1756
1743442369633 38.0 1757
1743442374919 150.0 1758
1743442375501 1.0 1759
1743442377107 8.0 1760
1743442378928 16.0 1761
1743442384336 150.0 1762
1743442389514 150.0 1763
1743442394927 150.0 1764
1743442400378 150.0 1765
1743442405617 150.0 1766
1743442410821 150.0 1767
1743442412565 12.0 1768
1743442418077 150.0 1769
1743442423637 150.0 1770
1743442428901 150.0 1771
1743442429483 1.0 1772
1743442434674 150.0 1773
1743442440116 150.0 1774
1743442445524 150.0 1775
1743442450763 150.0 1776
1743442456093 150.0 1777
1743442461320 150.0 1778
1743442466573 150.0 1779
1743442468486 17.0 1780
1743442473769 150.0 1781
1743442478973 150.0 1782
1743442479862 6.0 1783
1743442485197 150.0 1784
1743442490604 150.0 1785
1743442496010 150.0 1786
1743442501249 150.0 1787
1743442506646 150.0 1788
1743442510787 90.0 1789
1743442516282 150.0 1790
1743442521525 150.0 1791
1743442526849 150.0 1792
1743442532372 150.0 1793
1743442537802 150.0 1794
1743442542938 150.0 1795
1743442548376 150.0 1796
1743442554001 150.0 1797
1743442559321 150.0 1798
1743442564618 150.0 1799
1743442569935 150.0 1800
1743442575403 150.0 1801
1743442580613 150.0 1802
1743442586030 150.0 1803
1743442586607 1.0 1804
1743442591976 150.0 1805
1743442597329 150.0 1806
1743442602649 150.0 1807
1743442607894 150.0 1808
1743442613232 150.0 1809
1743442613814 1.0 1810
1743442619338 150.0 1811
1743442620954 10.0 1812
1743442626439 150.0 1813
1743442631764 150.0 1814
1743442632338 1.0 1815
1743442637666 150.0 1816
1743442642848 150.0 1817
1743442648231 150.0 1818
1743442653532 150.0 1819
1743442658927 150.0 1820
1743442659506 1.0 1821
1743442664928 150.0 1822
1743442670231 150.0 1823
1743442675535 150.0 1824
1743442681136 150.0 1825
1743442685263 85.0 1826
1743442690386 150.0 1827
1743442695800 150.0 1828
1743442701004 150.0 1829
1743442706144 150.0 1830
1743442711605 150.0 1831
1743442717131 150.0 1832
1743442722421 150.0 1833
1743442727553 150.0 1834
1743442732810 150.0 1835
1743442736170 63.0 1836
1743442741166 150.0 1837
1743442746262 150.0 1838
1743442751611 150.0 1839
1743442756932 150.0 1840
1743442762295 150.0 1841
1743442765370 52.0 1842
1743442770582 150.0 1843
1743442775643 150.0 1844
1743442778743 55.0 1845
1743442784290 150.0 1846
1743442789563 150.0 1847
1743442794879 150.0 1848
1743442800145 150.0 1849
1743442805387 150.0 1850
1743442810605 150.0 1851
1743442815931 150.0 1852
1743442821414 150.0 1853
1743442826903 150.0 1854
1743442832274 150.0 1855
1743442837898 150.0 1856
1743442843333 150.0 1857
1743442848628 150.0 1858
1743442854226 150.0 1859
1743442859565 150.0 1860
1743442864761 150.0 1861
1743442869988 150.0 1862
1743442875353 150.0 1863
1743442880568 150.0 1864
1743442885859 150.0 1865
1743442891358 150.0 1866
1743442896602 150.0 1867
1743442897455 9.0 1868
1743442902616 150.0 1869
1743442907967 150.0 1870
1743442913407 150.0 1871
1743442918442 150.0 1872
1743442923604 150.0 1873
1743442928989 150.0 1874
1743442934408 150.0 1875
1743442939701 150.0 1876
1743442945037 150.0 1877
1743442950289 150.0 1878
1743442955557 150.0 1879
1743442960779 150.0 1880
1743442966081 150.0 1881
1743442971334 150.0 1882
1743442976551 150.0 1883
1743442978137 10.0 1884
1743442983263 150.0 1885
1743442988548 150.0 1886
1743442993800 150.0 1887
1743442999147 150.0 1888
1743443004353 150.0 1889
1743443009455 150.0 1890
1743443014548 150.0 1891
1743443019573 150.0 1892
1743443024831 150.0 1893
1743443030235 150.0 1894
1743443035514 150.0 1895
1743443040752 150.0 1896
1743443041391 3.0 1897
1743443042990 8.0 1898
1743443048367 150.0 1899
1743443053430 150.0 1900
1743443058730 150.0 1901
1743443064116 150.0 1902
1743443069316 150.0 1903
1743443074554 150.0 1904
1743443079584 150.0 1905
1743443084846 150.0 1906
1743443086762 19.0 1907
1743443088315 8.0 1908
1743443093725 150.0 1909
1743443097844 88.0 1910
1743443103161 150.0 1911
1743443108449 150.0 1912
1743443113880 150.0 1913
1743443119163 150.0 1914
1743443125398 150.0 1915
1743443130747 150.0 1916
1743443135910 150.0 1917
1743443141005 150.0 1918
1743443146262 150.0 1919
1743443148211 19.0 1920
1743443153536 150.0 1921
1743443154121 1.0 1922
1743443159426 150.0 1923
1743443164585 150.0 1924
1743443169817 150.0 1925
1743443175193 150.0 1926
1743443176956 12.0 1927
1743443182153 150.0 1928
1743443187321 150.0 1929
1743443192889 150.0 1930
1743443198169 150.0 1931
1743443203488 150.0 1932
1743443208793 150.0 1933
1743443213882 150.0 1934
1743443219232 150.0 1935
1743443224629 150.0 1936
1743443230112 150.0 1937
1743443235383 150.0 1938
1743443240468 150.0 1939
1743443245626 150.0 1940
1743443246201 1.0 1941
1743443251540 150.0 1942
1743443256859 150.0 1943
1743443262168 150.0 1944
1743443267547 150.0 1945
1743443272764 150.0 1946
1743443277939 150.0 1947
1743443283138 150.0 1948
1743443288319 150.0 1949
1743443293624 150.0 1950
1743443298935 150.0 1951
1743443304134 150.0 1952
1743443304713 1.0 1953
1743443306538 15.0 1954
1743443311724 150.0 1955
1743443317024 150.0 1956
1743443319760 44.0 1957
1743443325304 150.0 1958
1743443330502 150.0 1959
1743443335789 150.0 1960
1743443336367 1.0 1961
1743443341662 150.0 1962
1743443343609 19.0 1963
1743443348781 150.0 1964
1743443354124 150.0 1965
1743443359466 150.0 1966
1743443364642 150.0 1967
1743443369906 150.0 1968
1743443372030 23.0 1969
1743443373686 10.0 1970
1743443379061 150.0 1971
1743443384352 150.0 1972
1743443389707 150.0 1973
1743443394887 150.0 1974
1743443400003 150.0 1975
1743443403567 69.0 1976
1743443408573 150.0 1977
1743443413671 150.0 1978
1743443419023 150.0 1979
1743443424225 150.0 1980
1743443429379 150.0 1981
1743443434598 150.0 1982
1743443439867 150.0 1983
1743443445091 150.0 1984
1743443450350 150.0 1985
1743443456001 150.0 1986
1743443457630 10.0 1987
1743443463019 150.0 1988
1743443468306 150.0 1989
1743443473569 150.0 1990
1743443478825 150.0 1991
1743443483969 150.0 1992
1743443489362 150.0 1993
1743443489936 1.0 1994
1743443495297 150.0 1995
1743443495883 1.0 1996
1743443501151 150.0 1997
1743443506485 150.0 1998
1743443507234 1.0 1999
1743443512660 150.0 2000
1743443517876 150.0 2001
1743443523370 150.0 2002
1743443528613 150.0 2003
1743443533904 150.0 2004
1743443539366 150.0 2005
1743443544493 150.0 2006
1743443549940 150.0 2007
1743443555312 150.0 2008
1743443560538 150.0 2009
1743443565926 150.0 2010
1743443571221 150.0 2011
1743443576275 150.0 2012
1743443581338 150.0 2013
1743443586857 150.0 2014
1743443592177 150.0 2015
1743443597310 150.0 2016
1743443602682 150.0 2017
1743443608084 150.0 2018
1743443613268 150.0 2019
1743443618548 150.0 2020
1743443624081 150.0 2021
1743443629394 150.0 2022
1743443634759 150.0 2023
1743443640023 150.0 2024
1743443645175 150.0 2025
1743443650688 150.0 2026
1743443655813 150.0 2027
1743443661030 150.0 2028
1743443661607 1.0 2029
1743443666702 150.0 2030
1743443671907 150.0 2031
1743443677104 150.0 2032
1743443682118 150.0 2033
1743443687017 150.0 2034
1743443692616 150.0 2035
1743443697760 150.0 2036
1743443703171 150.0 2037
1743443708555 150.0 2038
1743443713732 150.0 2039
1743443718915 150.0 2040
1743443720625 11.0 2041
1743443726008 150.0 2042
1743443726587 1.0 2043
1743443731687 150.0 2044
1743443736799 150.0 2045
1743443741944 150.0 2046
1743443747107 150.0 2047
1743443752466 150.0 2048
1743443757551 150.0 2049
1743443762910 150.0 2050
1743443767959 150.0 2051
1743443769546 8.0 2052
1743443774593 150.0 2053
1743443779678 150.0 2054
1743443785099 150.0 2055
1743443790109 150.0 2056
1743443791776 12.0 2057
1743443797003 150.0 2058
1743443802314 150.0 2059
1743443807523 150.0 2060
1743443812636 150.0 2061
1743443817765 150.0 2062
1743443823158 150.0 2063
1743443828565 150.0 2064
1743443830742 24.0 2065
1743443835790 150.0 2066
1743443836364 1.0 2067
1743443841463 150.0 2068
1743443846753 150.0 2069
1743443852210 150.0 2070
1743443857478 150.0 2071
1743443862712 150.0 2072
1743443868190 150.0 2073
1743443873548 150.0 2074
1743443878886 150.0 2075
1743443879455 1.0 2076
1743443884841 150.0 2077
1743443885406 1.0 2078
1743443890670 150.0 2079
1743443892616 18.0 2080
1743443897806 150.0 2081
1743443902925 150.0 2082
1743443904623 8.0 2083
1743443909782 150.0 2084
1743443915309 150.0 2085
1743443920509 150.0 2086
1743443925728 150.0 2087
1743443931041 150.0 2088
1743443936271 150.0 2089
1743443941712 150.0 2090
1743443947004 150.0 2091
1743443952031 150.0 2092
1743443957174 150.0 2093
1743443962188 150.0 2094
1743443967349 150.0 2095
1743443972425 150.0 2096
1743443977711 150.0 2097
1743443983076 150.0 2098
1743443988459 150.0 2099
1743443993714 150.0 2100
1743443998919 150.0 2101
1743444004047 150.0 2102
1743444005664 9.0 2103
1743444010726 150.0 2104
1743444015906 150.0 2105
1743444021123 150.0 2106
1743444021956 9.0 2107
1743444027199 150.0 2108
1743444032321 150.0 2109
1743444037515 150.0 2110
1743444042977 150.0 2111
1743444048357 150.0 2112
1743444053384 150.0 2113
1743444058527 150.0 2114
1743444063752 150.0 2115
1743444065972 26.0 2116
1743444071194 150.0 2117
1743444076237 150.0 2118
1743444081758 150.0 2119
1743444087099 150.0 2120
1743444092346 150.0 2121
1743444097421 150.0 2122
1743444102580 150.0 2123
1743444107712 150.0 2124
1743444112986 150.0 2125
1743444118535 150.0 2126
1743444123733 150.0 2127
1743444128796 150.0 2128
1743444133934 150.0 2129
1743444139035 150.0 2130
1743444144076 150.0 2131
1743444149376 150.0 2132
1743444154926 150.0 2133
1743444160131 150.0 2134
1743444165436 150.0 2135
1743444170693 150.0 2136
1743444175726 150.0 2137
1743444180859 150.0 2138
1743444184284 34.0 2139
1743444189340 150.0 2140
1743444191262 16.0 2141
1743444196473 150.0 2142
1743444201725 150.0 2143
1743444207118 150.0 2144
1743444212111 150.0 2145
1743444214008 16.0 2146
1743444219331 150.0 2147
1743444224393 150.0 2148
1743444229565 150.0 2149
1743444234612 150.0 2150
1743444239660 150.0 2151
1743444244893 150.0 2152
1743444250138 150.0 2153
1743444255365 150.0 2154
1743444260480 150.0 2155
1743444265514 150.0 2156
1743444270429 150.0 2157
1743444271003 1.0 2158
1743444276262 150.0 2159
1743444281527 150.0 2160
1743444282258 1.0 2161
1743444287382 150.0 2162
1743444292604 150.0 2163
1743444297694 150.0 2164
1743444302991 150.0 2165
1743444308021 150.0 2166
1743444313242 150.0 2167
1743444318417 150.0 2168
1743444320256 17.0 2169
1743444325420 150.0 2170
1743444330503 150.0 2171
1743444335628 150.0 2172
1743444340851 150.0 2173
1743444346196 150.0 2174
1743444351622 150.0 2175
1743444352204 1.0 2176
1743444357336 150.0 2177
1743444362527 150.0 2178
1743444367875 150.0 2179
1743444373247 150.0 2180
1743444373896 3.0 2181
1743444379171 150.0 2182
1743444384218 150.0 2183
1743444389481 150.0 2184
1743444394752 150.0 2185
1743444399892 150.0 2186
1743444405071 150.0 2187
1743444410301 150.0 2188
1743444415570 150.0 2189
1743444420679 150.0 2190
1743444425862 150.0 2191
1743444430981 150.0 2192
1743444436250 150.0 2193
1743444441381 150.0 2194
1743444442098 1.0 2195
1743444447231 150.0 2196
1743444452614 150.0 2197
1743444457624 150.0 2198
1743444462614 150.0 2199
1743444465152 64.0 2200
1743444470257 150.0 2201
1743444475488 150.0 2202
1743444480751 150.0 2203
1743444486004 150.0 2204
1743444491007 150.0 2205
1743444496276 150.0 2206
1743444501420 150.0 2207
1743444506618 150.0 2208
1743444511801 150.0 2209
1743444517378 150.0 2210
1743444522371 150.0 2211
1743444527691 150.0 2212
1743444532898 150.0 2213
1743444538218 150.0 2214
1743444543530 150.0 2215
1743444548721 150.0 2216
1743444554080 150.0 2217
1743444554658 1.0 2218
1743444559839 150.0 2219
1743444564940 150.0 2220
1743444570051 150.0 2221
1743444575290 150.0 2222
1743444580632 150.0 2223
1743444585807 150.0 2224
1743444591090 150.0 2225
1743444596367 150.0 2226
1743444598941 37.0 2227
1743444604143 150.0 2228
1743444609334 150.0 2229
1743444614498 150.0 2230
1743444619908 150.0 2231
1743444625146 150.0 2232
1743444630650 150.0 2233
1743444635996 150.0 2234
1743444641076 150.0 2235
1743444646289 150.0 2236
1743444651583 150.0 2237
1743444656795 150.0 2238
1743444662285 150.0 2239
1743444662863 1.0 2240
1743444668071 150.0 2241
1743444673140 150.0 2242
1743444678389 150.0 2243
1743444683367 150.0 2244
1743444688587 150.0 2245
1743444693912 150.0 2246
1743444699464 150.0 2247
1743444704950 150.0 2248
1743444710361 150.0 2249
1743444715798 150.0 2250
1743444721046 150.0 2251
1743444726564 150.0 2252
1743444728977 32.0 2253
1743444734272 150.0 2254
1743444734847 1.0 2255
1743444739949 150.0 2256
1743444745115 150.0 2257
1743444750160 150.0 2258
1743444755593 150.0 2259
1743444761077 150.0 2260
1743444766239 150.0 2261
1743444771532 150.0 2262
1743444776762 150.0 2263
1743444777349 1.0 2264
1743444782495 150.0 2265
1743444787868 150.0 2266
1743444792948 150.0 2267
1743444798164 150.0 2268
1743444803395 150.0 2269
1743444808494 150.0 2270
1743444813787 150.0 2271
1743444819093 150.0 2272
1743444824674 150.0 2273
1743444825258 1.0 2274
1743444830534 150.0 2275
1743444835901 150.0 2276
1743444840998 150.0 2277
1743444842768 13.0 2278
1743444848162 150.0 2279
1743444853341 150.0 2280
1743444858661 150.0 2281
1743444863903 150.0 2282
1743444869090 150.0 2283
1743444874446 150.0 2284
1743444879426 150.0 2285
1743444884677 150.0 2286
1743444890100 150.0 2287
1743444895240 150.0 2288
1743444900352 150.0 2289
1743444905510 150.0 2290
1743444910663 150.0 2291
1743444915725 150.0 2292
1743444920931 150.0 2293
1743444926250 150.0 2294
1743444931591 150.0 2295
1743444936814 150.0 2296
1743444942147 150.0 2297
1743444947219 150.0 2298
1743444952549 150.0 2299
1743444958127 150.0 2300
1743444963599 150.0 2301
1743444968642 150.0 2302
1743444971527 48.0 2303
1743444976732 150.0 2304
1743444982046 150.0 2305
1743444987104 150.0 2306
1743444992364 150.0 2307
1743444997435 150.0 2308
1743445002726 150.0 2309
1743445007860 150.0 2310
1743445012938 150.0 2311
1743445013511 1.0 2312
1743445015085 9.0 2313
1743445020263 150.0 2314
1743445025568 150.0 2315
1743445030764 150.0 2316
1743445035844 150.0 2317
1743445041091 150.0 2318
1743445046140 150.0 2319
1743445052433 150.0 2320
1743445057584 150.0 2321
1743445063050 150.0 2322
1743445068232 150.0 2323
1743445073408 150.0 2324
1743445078415 150.0 2325
1743445083718 150.0 2326
1743445088861 150.0 2327
1743445093895 150.0 2328
1743445099319 150.0 2329
1743445104568 150.0 2330
1743445109539 150.0 2331
1743445114733 150.0 2332
1743445119966 150.0 2333
1743445125100 150.0 2334
1743445130517 150.0 2335
1743445135560 150.0 2336
1743445140788 150.0 2337
1743445146151 150.0 2338
1743445151368 150.0 2339
1743445156439 150.0 2340
1743445161650 150.0 2341
1743445166739 150.0 2342
1743445172157 150.0 2343
1743445177796 150.0 2344
1743445183064 150.0 2345
1743445188348 150.0 2346
1743445193834 150.0 2347
1743445199007 150.0 2348
1743445204224 150.0 2349
1743445209676 150.0 2350
1743445214927 150.0 2351
1743445220432 150.0 2352
1743445225744 150.0 2353
1743445231012 150.0 2354
1743445236305 150.0 2355
1743445241684 150.0 2356
1743445247185 150.0 2357
1743445252424 150.0 2358
1743445257499 150.0 2359
1743445262771 150.0 2360
1743445268128 150.0 2361
1743445273543 150.0 2362
1743445278898 150.0 2363
1743445284075 150.0 2364
1743445289401 150.0 2365
1743445289979 1.0 2366
1743445295166 150.0 2367
1743445300346 150.0 2368
1743445305646 150.0 2369
1743445310816 150.0 2370
1743445316226 150.0 2371
1743445321373 150.0 2372
1743445326636 150.0 2373
1743445331778 150.0 2374
1743445337048 150.0 2375
1743445342260 150.0 2376
1743445347379 150.0 2377
1743445352837 150.0 2378
1743445357922 150.0 2379
1743445362989 150.0 2380
1743445368062 150.0 2381
1743445373172 150.0 2382
1743445378267 150.0 2383
1743445383326 150.0 2384
1743445388624 150.0 2385
1743445393697 150.0 2386
1743445398937 150.0 2387
1743445404335 150.0 2388
1743445409408 150.0 2389
1743445414597 150.0 2390
1743445419849 150.0 2391
1743445424992 150.0 2392
1743445430261 150.0 2393
1743445435442 150.0 2394
1743445440719 150.0 2395
1743445446147 150.0 2396
1743445451475 150.0 2397
1743445456606 150.0 2398
1743445462176 150.0 2399
1743445462759 1.0 2400
1743445468142 150.0 2401
1743445473415 150.0 2402
1743445478526 150.0 2403
1743445483666 150.0 2404
1743445488713 150.0 2405
1743445493952 150.0 2406
1743445499205 150.0 2407
1743445504283 150.0 2408
1743445506607 29.0 2409
1743445511677 150.0 2410
1743445513649 20.0 2411
1743445518871 150.0 2412
1743445524139 150.0 2413
1743445529282 150.0 2414
1743445534603 150.0 2415
1743445540134 150.0 2416
1743445546454 150.0 2417
1743445551889 150.0 2418
1743445557413 150.0 2419
1743445562599 150.0 2420
1743445567861 150.0 2421
1743445573075 150.0 2422
1743445578363 150.0 2423
1743445578956 1.0 2424
1743445584166 150.0 2425
1743445589553 150.0 2426
1743445594758 150.0 2427
1743445599981 150.0 2428
1743445605196 150.0 2429
1743445610466 150.0 2430
1743445615643 150.0 2431
1743445620705 150.0 2432
1743445626198 150.0 2433
1743445631384 150.0 2434
1743445636861 150.0 2435
1743445642200 150.0 2436
1743445647506 150.0 2437
1743445652974 150.0 2438
1743445658161 150.0 2439
1743445663316 150.0 2440
1743445668655 150.0 2441
1743445674265 150.0 2442
1743445679352 150.0 2443
1743445684548 150.0 2444
1743445689585 150.0 2445
1743445694657 150.0 2446
1743445700158 150.0 2447
1743445705352 150.0 2448
1743445710519 150.0 2449
1743445715788 150.0 2450
1743445716372 1.0 2451
1743445716953 1.0 2452
1743445722156 150.0 2453
1743445727183 150.0 2454
1743445732716 150.0 2455
1743445738023 150.0 2456
1743445743085 150.0 2457
1743445748274 150.0 2458
1743445753318 150.0 2459
1743445758576 150.0 2460
1743445763719 150.0 2461
1743445769250 150.0 2462
1743445774441 150.0 2463
1743445779561 150.0 2464
1743445784860 150.0 2465
1743445790135 150.0 2466
1743445795452 150.0 2467
1743445800653 150.0 2468
1743445806085 150.0 2469
1743445811394 150.0 2470
1743445816480 150.0 2471
1743445821667 150.0 2472
1743445823847 26.0 2473
1743445828936 150.0 2474
1743445834376 150.0 2475
1743445839664 150.0 2476
1743445845053 150.0 2477
1743445850286 150.0 2478
1743445855531 150.0 2479
1743445860763 150.0 2480
1743445866022 150.0 2481
1743445871150 150.0 2482
1743445871877 1.0 2483
1743445877230 150.0 2484
1743445882815 150.0 2485
1743445888095 150.0 2486
1743445893256 150.0 2487
1743445898278 150.0 2488
1743445903389 150.0 2489
1743445904134 1.0 2490
1743445909609 150.0 2491
1743445915179 150.0 2492
1743445921026 150.0 2493
