1743431795118 0.0 0
1743431799633 0.0 1
1743431804166 0.0 2
1743431808563 0.0 3
1743431812970 0.0 4
1743431817247 0.0 5
1743431822300 -2.033882246017456 6
1743431828686 -2.582625346183777 7
1743431834866 -2.9414359498023988 8
1743431841756 -3.3955907893180846 9
1743431848734 -3.866961507797241 10
1743431855198 -4.330710101127624 11
1743431861851 -4.770689749717713 12
1743431862445 -4.77348192691803 13
1743431869156 -5.188844094276428 14
1743431876234 -5.595612487792969 15
1743431882533 -5.965876302719116 16
1743431883109 -5.966869029998779 17
1743431884379 -6.012154965400696 18
1743431891148 -6.351285800933838 19
1743431897701 -6.68356240272522 20
1743431904524 -6.961856966018677 21
1743431910948 -7.219920763969421 22
1743431917945 -7.4460055446624756 23
1743431924743 -7.652847390174866 24
1743431931448 -7.825724277496338 25
1743431938076 -7.982427368164062 26
1743431945135 -8.129155535697937 27
1743431945721 -8.130415902137756 28
1743431952091 -8.25616621017456 29
1743431958657 -8.376616983413696 30
1743431965223 -8.455359506607056 31
1743431971842 -8.516320037841798 32
1743431979168 -8.582049703598022 33
1743431986216 -8.609804029464721 34
1743431993152 -8.646229190826416 35
1743432000557 -8.649143648147582 36
1743432007591 -8.647166690826417 37
1743432013767 -8.62562668800354 38
1743432020050 -8.604511594772339 39
1743432027262 -8.571840600967407 40
1743432034188 -8.520635080337524 41
1743432040666 -8.45662181854248 42
1743432047851 -8.373586196899414 43
1743432054595 -8.272548027038575 44
1743432061949 -8.208375053405762 45
1743432068754 -8.105014839172362 46
1743432075492 -8.014383535385132 47
1743432082588 -7.906467938423157 48
1743432089345 -7.800818958282471 49
1743432095933 -7.700723495483398 50
1743432103198 -7.569207215309143 51
1743432110141 -7.438774790763855 52
1743432116585 -7.292808322906494 53
1743432123278 -7.150231823921204 54
1743432130074 -7.00614637374878 55
1743432136916 -6.877941074371338 56
1743432143815 -6.731956639289856 57
1743432150681 -6.5687085008621215 58
1743432157509 -6.413982739448548 59
1743432164265 -6.254770946502686 60
1743432171123 -6.116026377677917 61
1743432177748 -5.9643025207519536 62
1743432184274 -5.8151530742645265 63
1743432191184 -5.669614505767822 64
1743432198031 -5.510870318412781 65
1743432204737 -5.3493042039871215 66
1743432211276 -5.202915120124817 67
1743432217895 -5.029645094871521 68
1743432224733 -4.860975379943848 69
1743432231426 -4.686034169197082 70
1743432238312 -4.526484413146973 71
1743432245026 -4.364968614578247 72
1743432251692 -4.195058727264405 73
1743432258223 -4.013956723213195 74
1743432265263 -3.8526190328598022 75
1743432271960 -3.6903856110572817 76
1743432278907 -3.543948357105255 77
1743432285653 -3.391577661037445 78
1743432292634 -3.2317769622802732 79
1743432299526 -3.094341161251068 80
1743432306775 -2.932954578399658 81
1743432313527 -2.7914815449714663 82
1743432320735 -2.6407460737228394 83
1743432327905 -2.4890288066864015 84
1743432334991 -2.317651216983795 85
1743432341091 -2.161266899108887 86
1743432347982 -1.9944970190525055 87
1743432354849 -1.8540349566936494 88
1743432361676 -1.6976843214035033 89
1743432368579 -1.5379143118858338 90
1743432375322 -1.4067173552513124 91
1743432382003 -1.2538598704338073 92
1743432382687 -1.2536446118354798 93
1743432389287 -1.1044751936197281 94
1743432395398 -0.9651240247488022 95
1743432401937 -0.8203598827123642 96
1743432408554 -0.7163607859611512 97
1743432415110 -0.5887123638391495 98
1743432422235 -0.4613041165471077 99
1743432424233 -0.4324657261371613 100
1743432431236 -0.30884171470999716 101
1743432438002 -0.19294837495312095 102
1743432444475 -0.0867393351905048 103
1743432451165 0.030114116640761496 104
1743432457898 0.1407675880752504 105
1743432464624 0.24556470278650522 106
1743432471809 0.3719958461821079 107
1743432479015 0.4806801247596741 108
1743432485771 0.590402027964592 109
1743432492182 0.6949809008836746 110
1743432498435 0.7918984258174896 111
1743432505257 0.8631785732507705 112
1743432512286 0.9317300683259964 113
1743432519977 1.0444054859876633 114
1743432527112 1.120190770626068 115
1743432534069 1.2114743369817733 116
1743432536135 1.21678646504879 117
1743432542478 1.327840757369995 118
1743432549521 1.3978548765182495 119
1743432555994 1.4669068336486817 120
1743432562506 1.5538060235977174 121
1743432569586 1.6466715621948242 122
1743432577571 1.7146928489208222 123
1743432585095 1.826726542711258 124
1743432591983 1.8934935641288757 125
1743432599620 1.9295166397094727 126
1743432605807 1.9666074800491333 127
1743432612519 1.9622011220455169 128
1743432619365 2.0409682273864744 129
1743432626071 2.0933949398994445 130
1743432632608 2.138378345966339 131
1743432639334 2.1796816384792326 132
1743432645758 2.24064665555954 133
1743432652139 2.3196918880939483 134
1743432658879 2.3956218814849852 135
1743432665302 2.39599046587944 136
1743432672191 2.471822454929352 137
1743432678704 2.481718258857727 138
1743432685261 2.5383659338951112 139
1743432691663 2.537302906513214 140
1743432699007 2.62893860578537 141
1743432705591 2.6669532752037046 142
1743432712304 2.715220489501953 143
1743432719261 2.733742964267731 144
1743432725987 2.7878104186058046 145
1743432732896 2.7521801877021788 146
1743432739395 2.8289145684242247 147
1743432745901 2.8565775609016417 148
1743432752208 2.8574125289916994 149
1743432758423 2.9519134259223936 150
1743432764686 2.951720886230469 151
1743432767005 2.945498025417328 152
1743432773879 2.9870522475242614 153
1743432780890 3.0197381353378296 154
1743432781465 3.0202109527587893 155
1743432782476 3.033785903453827 156
1743432789025 3.0937265133857728 157
1743432795518 3.150091152191162 158
1743432802459 3.2107608699798584 159
1743432809111 3.2109566068649293 160
1743432815814 3.257107539176941 161
1743432822290 3.2752591466903684 162
1743432828817 3.3328672313690184 163
1743432835180 3.37827924489975 164
1743432842087 3.369021751880646 165
1743432848813 3.4069224286079405 166
1743432855498 3.466658897399902 167
1743432862316 3.468408341407776 168
1743432868864 3.5017861771583556 169
1743432875644 3.5255144238471985 170
1743432882332 3.5639388489723207 171
1743432889326 3.624194810390472 172
1743432895902 3.629930498600006 173
1743432902439 3.6949061155319214 174
1743432908993 3.7118672943115234 175
1743432915437 3.703610553741455 176
1743432921641 3.7291436529159547 177
1743432928285 3.721798484325409 178
1743432934839 3.732280426025391 179
1743432940955 3.763503520488739 180
1743432947817 3.816727514266968 181
1743432954064 3.84684974193573 182
1743432960416 3.8074455404281617 183
1743432962373 3.8137861371040342 184
1743432969154 3.804609954357147 185
1743432975835 3.806227433681488 186
1743432982241 3.8456365418434144 187
1743432988770 3.8426551485061644 188
1743432995331 3.8807267427444456 189
1743433002172 3.9151904511451723 190
1743433008831 3.9275499320030214 191
1743433014975 3.8937347197532652 192
1743433021680 3.9044435620307922 193
1743433028000 3.913248324394226 194
1743433034694 3.9286330842971804 195
1743433041846 3.981332461833954 196
1743433042416 3.9784461736679075 197
1743433048992 3.93522762298584 198
1743433050888 3.927912347316742 199
1743433057451 3.9778095126152038 200
1743433064134 4.053794226646423 201
1743433070775 4.0354606461524964 202
1743433074656 4.062682473659516 203
1743433080994 4.105188372135163 204
1743433081584 4.109544496536255 205
1743433088283 4.117524876594543 206
1743433095006 4.146122629642487 207
1743433096887 4.151550123691559 208
1743433103481 4.153868474960327 209
1743433109733 4.148876483440399 210
1743433116232 4.185979344844818 211
1743433122824 4.218256876468659 212
1743433129316 4.234061980247498 213
1743433129898 4.239641664028167 214
1743433136608 4.228369126319885 215
1743433142911 4.185536320209503 216
1743433144775 4.188406009674072 217
1743433151460 4.211824243068695 218
1743433157798 4.214038853645325 219
1743433164224 4.246993291378021 220
1743433170796 4.201255576610565 221
1743433177131 4.232685940265656 222
1743433183665 4.235482821464538 223
1743433184248 4.235616474151612 224
1743433190901 4.173137879371643 225
1743433197382 4.147609736919403 226
1743433204163 4.167331347465515 227
1743433210751 4.1931478834152225 228
1743433217336 4.1829040288925174 229
1743433217901 4.179412550926209 230
1743433224155 4.175823273658753 231
1743433230748 4.166412971019745 232
1743433237237 4.190931785106659 233
1743433244112 4.1810412073135375 234
1743433244691 4.176595325469971 235
1743433251015 4.195615375041962 236
1743433257704 4.173918013572693 237
1743433263967 4.205192003250122 238
1743433270756 4.177713160514831 239
1743433277251 4.165463891029358 240
1743433283416 4.179827947616577 241
1743433289772 4.20374314069748 242
1743433290346 4.207829148769378 243
1743433296557 4.171165289878846 244
1743433303122 4.182502949237824 245
1743433303909 4.182061641216278 246
1743433310107 4.191772356033325 247
1743433316540 4.186759929656983 248
1743433323197 4.208674054145813 249
1743433329548 4.235448429584503 250
1743433335764 4.2094046807289125 251
1743433342496 4.186949028968811 252
1743433348962 4.195947060585022 253
1743433355645 4.169479866027832 254
1743433362048 4.186148111820221 255
1743433368646 4.210207154750824 256
1743433375349 4.24309054851532 257
1743433381929 4.2589809560775755 258
1743433388387 4.294854800701142 259
1743433394913 4.278377859592438 260
1743433401097 4.249782021045685 261
1743433407477 4.265958862304688 262
1743433413957 4.240373525619507 263
1743433420566 4.214685590267181 264
1743433427262 4.247207591533661 265
1743433433471 4.274151060581207 266
1743433439744 4.299765765666962 267
1743433446285 4.23347820520401 268
1743433452762 4.249252631664276 269
1743433459333 4.274883248806 270
1743433466128 4.198683316707611 271
1743433473134 4.246870050430298 272
1743433479963 4.224874527454376 273
1743433486921 4.265869433879852 274
1743433493845 4.258037779331207 275
1743433500412 4.23878455400467 276
1743433507200 4.249344484806061 277
1743433514033 4.259860270023346 278
1743433520919 4.242862613201141 279
1743433527603 4.265712518692016 280
1743433534436 4.229938201904297 281
1743433540910 4.216723556518555 282
1743433547615 4.2023346018791194 283
1743433554111 4.211923899650574 284
1743433560930 4.186852331161499 285
1743433567262 4.163044626712799 286
1743433574093 4.132789011001587 287
1743433581025 4.1588759303092955 288
1743433588108 4.188902597427369 289
1743433595003 4.168927583694458 290
1743433596027 4.160240027904511 291
1743433602812 4.196520838737488 292
1743433609547 4.231733641624451 293
1743433616544 4.178559846878052 294
1743433623313 4.183190948963166 295
1743433630002 4.191900382041931 296
1743433630580 4.193199214935302 297
1743433636935 4.1929465103149415 298
1743433643366 4.151754200458527 299
1743433649955 4.180419416427612 300
1743433656536 4.181071336269379 301
1743433663166 4.159106380939484 302
1743433669743 4.161623601913452 303
1743433676116 4.183497931957245 304
1743433682753 4.15505882024765 305
1743433683331 4.1534108066558835 306
1743433689619 4.169289407730102 307
1743433696318 4.17262160539627 308
1743433702775 4.119858584403992 309
1743433709503 4.167260463237763 310
1743433712292 4.165629839897155 311
1743433719266 4.144466619491578 312
1743433725959 4.119255220890045 313
1743433732697 4.159364705085754 314
1743433739102 4.108573906421661 315
1743433740128 4.120089490413665 316
1743433740715 4.122248356342316 317
1743433747121 4.109725365638733 318
1743433753722 4.0933351540565495 319
1743433760139 4.096556491851807 320
1743433766823 4.121763110160828 321
1743433773165 4.070283932685852 322
1743433779432 4.140964560508728 323
1743433786142 4.07577808380127 324
1743433792274 4.0570676398277286 325
1743433798598 4.114214243888855 326
1743433805628 4.051560611724853 327
1743433812202 4.106283614635467 328
1743433818631 4.02913449048996 329
1743433825268 4.057957050800323 330
1743433832005 4.0630696940422055 331
1743433832587 4.0715628075599675 332
1743433839350 4.069489908218384 333
1743433846039 4.095514538288117 334
1743433852596 4.045341935157776 335
1743433859358 4.014819521903991 336
1743433865843 4.05399774312973 337
1743433872704 4.037939445972443 338
1743433879247 4.0340622353553774 339
1743433879926 4.036712994575501 340
1743433886572 4.03450804233551 341
1743433892667 4.059427852630615 342
1743433899342 4.096930286884308 343
1743433906221 4.0653875851631165 344
1743433912930 4.1233701682090755 345
1743433913509 4.123912904262543 346
1743433920167 4.113252623081207 347
1743433926657 4.06386360168457 348
1743433933363 4.098678705692291 349
1743433940109 4.17582820892334 350
1743433946855 4.115240893363953 351
1743433953211 4.151153182983398 352
1743433960145 4.182479660511017 353
1743433967017 4.124798083305359 354
1743433973394 4.154483971595764 355
1743433979994 4.147418797016144 356
1743433986717 4.179258644580841 357
1743433992944 4.175781288146973 358
1743433999547 4.202651152610779 359
1743434006514 4.217789630889893 360
1743434013315 4.204565732479096 361
1743434020085 4.221760184764862 362
1743434026868 4.229152989387512 363
1743434027456 4.229930953979492 364
1743434034055 4.216201047897339 365
1743434040837 4.207298138141632 366
1743434047265 4.2217708945274355 367
1743434053859 4.181100964546204 368
1743434060306 4.203332855701446 369
1743434066823 4.229846642017365 370
1743434070596 4.225142629146576 371
1743434077882 4.2353291416168215 372
1743434084998 4.202547180652618 373
1743434091818 4.194388790130615 374
1743434098640 4.214491357803345 375
1743434105367 4.208859732151032 376
1743434111989 4.211639397144317 377
1743434118461 4.195770037174225 378
1743434125237 4.2198915719985965 379
1743434131974 4.164129073619843 380
1743434138426 4.234341280460358 381
1743434145042 4.250414836406708 382
1743434151321 4.225306339263916 383
1743434151896 4.224369912147522 384
1743434154003 4.215218980312347 385
1743434161097 4.25315452337265 386
1743434167724 4.208473851680756 387
1743434174539 4.202341947555542 388
1743434181109 4.189405052661896 389
1743434187533 4.173121912479401 390
1743434193876 4.1667431402206425 391
1743434200744 4.156317145824432 392
1743434201323 4.156204516887665 393
1743434207949 4.186112351417542 394
1743434214923 4.209472758769989 395
1743434221642 4.205724592208862 396
1743434228337 4.175474879741668 397
1743434235410 4.2304175353050235 398
1743434242295 4.1757498192787175 399
1743434249212 4.181497352123261 400
1743434255909 4.174866497516632 401
1743434262685 4.179962258338929 402
1743434269292 4.177154154777527 403
1743434275974 4.184219331741333 404
1743434283296 4.169193773269654 405
1743434290008 4.117381701469421 406
1743434296965 4.171032414436341 407
1743434303690 4.1299540591239925 408
1743434310547 4.084121491909027 409
1743434317526 4.095866158008575 410
1743434324528 4.141538906097412 411
1743434331063 4.140194048881531 412
1743434337484 4.096379268169403 413
1743434344441 4.067138340473175 414
1743434350852 4.063505992889405 415
1743434357392 4.0653512263298035 416
1743434363849 4.060229215621948 417
1743434370408 4.054553825855255 418
1743434377010 4.043677620887756 419
1743434383295 4.02614069223404 420
1743434389968 4.003987743854522 421
1743434396408 4.044592370986939 422
1743434402772 4.017677009105682 423
1743434409191 4.014137568473816 424
1743434409915 4.017296855449676 425
1743434416552 4.018116087913513 426
1743434423161 4.028835973739624 427
1743434429771 4.004284238815307 428
1743434436356 4.002126774787903 429
1743434436937 4.003167967796326 430
1743434443421 3.9891779804229737 431
1743434450174 4.028508846759796 432
1743434456939 4.054719288349151 433
1743434463627 4.033986515998841 434
1743434470253 4.00674295425415 435
1743434470841 4.00237735748291 436
1743434477300 4.02767290353775 437
1743434484131 4.049074473381043 438
1743434491091 4.016178381443024 439
1743434491675 4.021143834590912 440
1743434498266 4.00256870508194 441
1743434504975 4.0077525234222415 442
1743434511479 4.00940438747406 443
1743434517942 4.0525671792030336 444
1743434524530 4.1181759572029115 445
1743434531113 4.026419367790222 446
1743434538068 4.042124679088593 447
1743434544289 4.073391373157501 448
1743434550672 4.052413358688354 449
1743434557147 4.049603521823883 450
1743434563534 4.070229985713959 451
1743434570167 4.035840330123901 452
1743434576828 4.0071677970886235 453
1743434583458 4.0709561514854435 454
1743434590250 4.060102028846741 455
1743434597036 4.061711912155151 456
1743434603753 4.106383934020996 457
1743434610175 4.063576371669769 458
1743434616874 4.123863742351532 459
1743434623442 4.127542414665222 460
1743434629650 4.1635793328285216 461
1743434635868 4.093835167884826 462
1743434638133 4.1413530087471 463
1743434644406 4.150143802165985 464
1743434650970 4.169905045032501 465
1743434657461 4.186928188800811 466
1743434663965 4.245767652988434 467
1743434670515 4.208274347782135 468
1743434676663 4.255909147262574 469
1743434682561 4.250339636802673 470
1743434688765 4.183051204681396 471
1743434695385 4.259172344207764 472
1743434702223 4.297186830043793 473
1743434708742 4.246045401096344 474
1743434715506 4.2783514642715454 475
1743434721903 4.248289206027985 476
1743434728741 4.248404471874237 477
1743434735329 4.332156977653503 478
1743434742212 4.322917013168335 479
1743434749199 4.343322732448578 480
1743434755583 4.351278095245362 481
1743434762258 4.3776745390892025 482
1743434768641 4.407482562065124 483
1743434775389 4.435589644908905 484
1743434781844 4.420673117637635 485
1743434788735 4.42900396823883 486
1743434795799 4.480843455791473 487
1743434796391 4.475261533260346 488
1743434803884 4.496916348934174 489
1743434810770 4.493713722229004 490
1743434818061 4.522157642841339 491
1743434824930 4.551946256160736 492
1743434832237 4.553279078006744 493
1743434839487 4.581118893623352 494
1743434846615 4.584286177158356 495
1743434853335 4.582758467197419 496
1743434859391 4.583708374500275 497
1743434865164 4.603760237693787 498
1743434871511 4.621436805725097 499
1743434877620 4.631229920387268 500
1743434883881 4.666398656368256 501
1743434889996 4.696427772045135 502
1743434895985 4.685819678306579 503
1743434902692 4.755606660842895 504
1743434908829 4.6832313942909245 505
1743434909511 4.681290080547333 506
1743434915705 4.693173441886902 507
1743434921803 4.751119093894959 508
1743434927532 4.764495468139648 509
1743434933695 4.7189600372314455 510
1743434939641 4.792017221450806 511
1743434945766 4.769913206100464 512
1743434947869 4.757440109252929 513
1743434953971 4.744190335273743 514
1743434956073 4.755309643745423 515
1743434962057 4.820033841133117 516
1743434962622 4.824456605911255 517
1743434968676 4.871187410354614 518
1743434974829 4.814111437797546 519
1743434980787 4.840979208946228 520
1743434986614 4.83047170162201 521
1743434992544 4.732780828475952 522
1743434998300 4.904116053581237 523
1743435004031 4.778118252754211 524
1743435009906 4.8702673959732055 525
1743435016016 4.863282766342163 526
1743435021881 4.905253367424011 527
1743435027647 4.844043588638305 528
1743435033231 4.850634555816651 529
1743435039167 4.880760126113891 530
1743435045021 4.899495496749878 531
1743435050930 4.885216202735901 532
1743435057272 4.910457797050476 533
1743435063220 4.898609080314636 534
1743435069255 4.922155613899231 535
1743435075413 4.967048835754395 536
1743435081417 4.884741535186768 537
1743435081989 4.883175153732299 538
1743435088076 4.91619580745697 539
1743435093908 4.891579437255859 540
1743435094477 4.891936855316162 541
1743435100519 4.888813667297363 542
1743435106629 4.87395073890686 543
1743435112735 4.896859261989594 544
1743435114400 4.889984109401703 545
1743435120385 4.8670136260986325 546
1743435122003 4.889935111999511 547
1743435127918 4.839025146961212 548
1743435133934 4.85035551071167 549
1743435139982 4.893663556575775 550
1743435145906 4.874352979660034 551
1743435146475 4.868002309799194 552
1743435152437 4.8677159023284915 553
1743435158117 4.853385729789734 554
1743435163860 4.829472117424011 555
1743435169543 4.8580385375022885 556
1743435174688 4.864922323226929 557
1743435179821 4.834353444576263 558
1743435184894 4.90006238937378 559
1743435190256 4.858474431037902 560
1743435195493 4.9037484717369075 561
1743435200861 4.8582238626480105 562
1743435201413 4.865634441375732 563
1743435206813 4.95507432937622 564
1743435212156 4.985474920272827 565
1743435217301 4.932793221473694 566
1743435222942 4.9624054765701295 567
1743435228416 4.9156801128387455 568
1743435235596 4.962069935798645 569
1743435243378 4.971273469924927 570
1743435250295 4.91259325504303 571
1743435257438 4.955386900901795 572
1743435264441 4.958381862640381 573
1743435271587 4.910350499153137 574
1743435278355 4.9465752220153805 575
1743435285109 5.00076376914978 576
1743435291985 4.981811623573304 577
1743435293757 4.991132025718689 578
1743435300804 4.913809800148011 579
1743435307933 4.9586431550979615 580
1743435314960 4.959098439216614 581
1743435322015 4.916139652729035 582
1743435323899 4.903570482730865 583
1743435331223 4.883032834529876 584
1743435339271 5.000082192420959 585
1743435346436 4.980654783248902 586
1743435353285 4.936710886955261 587
1743435353876 4.930894980430603 588
1743435360676 4.906761336326599 589
1743435362462 4.935139951705932 590
1743435368999 5.002913906574249 591
1743435374905 4.984923214912414 592
1743435382063 5.005118308067321 593
1743435389581 4.983183240890503 594
1743435396447 4.983198819160461 595
1743435403329 4.972836654186249 596
1743435410007 4.898060803413391 597
1743435416999 4.938433856964111 598
1743435424001 4.990394678115845 599
1743435431575 4.958194041252137 600
1743435438591 4.882825927734375 601
1743435446240 4.999937796592713 602
1743435452886 4.965334310531616 603
1743435459789 4.940824208259582 604
1743435460362 4.931842532157898 605
1743435467099 4.838233203887939 606
1743435474243 4.859773802757263 607
1743435481285 4.922486927509308 608
1743435489278 4.891571362018585 609
1743435496014 4.886686615943908 610
1743435502875 4.856442241668701 611
1743435509831 4.854958453178406 612
1743435516549 4.900745964050293 613
1743435524199 4.922048139572143 614
1743435524786 4.916046957969666 615
1743435532129 4.896717929840088 616
1743435541129 4.915974771976471 617
1743435548137 4.875799534320831 618
1743435555541 4.787269892692566 619
1743435563140 4.826676645278931 620
1743435570901 4.7964652109146115 621
1743435579069 4.815696017742157 622
1743435586127 4.8312551355361935 623
1743435587935 4.832537775039673 624
1743435588522 4.84022135257721 625
1743435589097 4.837256054878235 626
1743435595327 4.8477787590026855 627
1743435596051 4.840672721862793 628
1743435602803 4.837343869209289 629
1743435609800 4.930354373455048 630
1743435616451 4.806108191013336 631
1743435623419 4.762587924003601 632
1743435631388 4.854007360935211 633
1743435637918 4.725391108989715 634
1743435638514 4.722747566699982 635
1743435645371 4.774339971542358 636
1743435651818 4.669313719272614 637
1743435652401 4.660417530536652 638
1743435659219 4.631024880409241 639
1743435660061 4.628275370597839 640
1743435666573 4.57775499343872 641
1743435668830 4.636823883056641 642
1743435675329 4.6837186527252195 643
1743435681899 4.712963607311249 644
1743435688575 4.6996038103103634 645
1743435696424 4.627849278450012 646
1743435703877 4.599922194480896 647
1743435710746 4.71529807806015 648
1743435718540 4.743613095283508 649
1743435726328 4.630882430076599 650
1743435733645 4.705229783058167 651
1743435740488 4.677922542095184 652
1743435747327 4.67950531244278 653
1743435754191 4.698310852050781 654
1743435761850 4.689155924320221 655
1743435769438 4.606649286746979 656
1743435776884 4.653135371208191 657
1743435783825 4.591948623657227 658
1743435791937 4.669123163223267 659
1743435799171 4.609787716865539 660
1743435806202 4.634168105125427 661
1743435813017 4.55275571346283 662
1743435820548 4.555204777717591 663
1743435827466 4.547947912216187 664
1743435833684 4.632085816860199 665
1743435840358 4.630535278320313 666
1743435842124 4.618765482902527 667
1743435848786 4.692987892627716 668
1743435849777 4.675660164356231 669
1743435856915 4.59886623620987 670
1743435864140 4.639362943172455 671
1743435871081 4.687104406356812 672
1743435877594 4.609065520763397 673
1743435884901 4.567757270336151 674
1743435891720 4.658051881790161 675
1743435899014 4.572975225448609 676
1743435906039 4.581799557209015 677
1743435912800 4.633767328262329 678
1743435919763 4.657998905181885 679
1743435927028 4.645465116500855 680
1743435933929 4.664533879756927 681
1743435940762 4.653622994422912 682
1743435942908 4.642212376594544 683
1743435943497 4.643851461410523 684
1743435949923 4.618393568992615 685
1743435956450 4.709976787567139 686
1743435964279 4.688596141338349 687
1743435970891 4.718596842288971 688
1743435977326 4.736603121757508 689
1743435985007 4.701765458583832 690
1743435992200 4.788681724071503 691
1743435999309 4.706918549537659 692
1743436007070 4.776127848625183 693
1743436014294 4.7336035299301145 694
1743436021139 4.771496095657349 695
1743436028958 4.733803770542145 696
1743436036561 4.707625575065613 697
1743436044138 4.77209997177124 698
1743436050922 4.628065745830536 699
1743436057650 4.765048532485962 700
1743436064654 4.709364225864411 701
1743436071360 4.771982061862945 702
1743436078313 4.736877534389496 703
1743436079079 4.740380694866181 704
1743436085852 4.747954246997833 705
1743436086440 4.748819544315338 706
1743436093055 4.746347227096558 707
1743436099697 4.596590852737426 708
1743436101681 4.622400748729706 709
1743436108269 4.709426233768463 710
1743436115538 4.662494206428528 711
1743436122562 4.677913258075714 712
1743436129519 4.706757788658142 713
1743436131342 4.726042790412903 714
1743436137879 4.708420913219452 715
1743436144800 4.5501030874252315 716
1743436146644 4.5549217700958256 717
1743436153440 4.575380277633667 718
1743436160044 4.530680906772614 719
1743436166682 4.572458727359772 720
1743436172959 4.437377486228943 721
1743436179394 4.454674315452576 722
1743436186132 4.49383266210556 723
1743436192805 4.397520525455475 724
1743436199413 4.4515895986557 725
1743436205850 4.3721167492866515 726
1743436213196 4.4191935968399045 727
1743436220035 4.49716712474823 728
1743436226793 4.434551706314087 729
1743436233159 4.461811838150024 730
1743436239730 4.412746694087982 731
1743436246544 4.429283056259155 732
1743436253553 4.396439554691315 733
1743436260189 4.424180343151092 734
1743436267050 4.348779146671295 735
1743436273594 4.275120644569397 736
1743436274329 4.276311163902283 737
1743436281450 4.20157568693161 738
1743436288051 4.190030345916748 739
1743436294560 4.239272541999817 740
1743436301801 4.326619489192963 741
1743436308691 4.152332940101624 742
1743436315523 4.126364645957946 743
1743436316117 4.118776435852051 744
1743436322935 4.0443707060813905 745
1743436324827 4.103113965988159 746
1743436332119 3.9744313549995423 747
1743436339545 4.028120908737183 748
1743436340144 4.019587540626526 749
1743436347156 4.151208248138428 750
1743436354442 4.044606711864471 751
1743436361655 4.027174093723297 752
1743436368750 4.054235849380493 753
1743436375611 4.047760941982269 754
1743436382655 4.142199437618256 755
1743436389457 3.9540572285652162 756
1743436396440 3.994980506896973 757
1743436403423 3.9986740374565124 758
1743436410517 4.010140318870544 759
1743436416900 4.0635647559165955 760
1743436423476 4.06644730091095 761
1743436430471 3.9315680694580077 762
1743436437305 3.944381892681122 763
1743436443912 3.9865782976150514 764
1743436450325 3.9960390448570253 765
1743436457018 3.7492598247528077 766
1743436463617 3.8546890878677367 767
1743436464341 3.854478511810303 768
1743436464935 3.8509943103790283 769
1743436471615 3.9092860651016235 770
1743436478271 3.843955326080322 771
1743436484917 3.8587210726737977 772
1743436491510 3.7116187834739685 773
1743436498276 3.646640019416809 774
1743436505321 3.7171230936050415 775
1743436512084 3.679189338684082 776
1743436519265 3.751631622314453 777
1743436526403 3.784436025619507 778
1743436533494 3.6205938911437987 779
1743436540456 3.540396521091461 780
1743436547861 3.744925866127014 781
1743436548455 3.7607147169113158 782
1743436555021 3.734512014389038 783
1743436557205 3.7056973910331727 784
1743436564090 3.6156622874736786 785
1743436570240 3.765345284938812 786
1743436576468 3.626067955493927 787
1743436577055 3.6233874583244323 788
1743436583932 3.6538451313972473 789
1743436591409 3.7569065499305725 790
1743436597916 3.8375070452690125 791
1743436598531 3.831364197731018 792
1743436604927 3.7920589375495912 793
1743436611435 3.652402169704437 794
1743436618296 3.6629908180236814 795
1743436624985 3.675367914438248 796
1743436631709 3.639289457798004 797
1743436638233 3.7171874833106995 798
1743436644622 3.7717260932922363 799
1743436651780 3.7204545068740846 800
1743436658348 3.7704869890213013 801
1743436665546 3.8317887842655183 802
1743436672521 3.782268016338348 803
1743436673134 3.7777084827423097 804
1743436680180 3.808361256122589 805
1743436687404 3.7670697212219237 806
1743436694068 3.7997279381752014 807
1743436700615 3.8340609526634215 808
1743436707526 3.7593985319137575 809
1743436710817 3.8595302176475523 810
1743436718162 3.8890839219093323 811
1743436724909 3.913610346317291 812
1743436732376 3.720607702732086 813
1743436739582 3.8172233748435973 814
1743436746822 4.006924045085907 815
1743436754338 3.940009877681732 816
1743436761817 3.9079758405685423 817
1743436768280 3.8974288439750673 818
1743436775457 3.8692585492134093 819
1743436783065 3.949533369541168 820
1743436791667 3.7741230797767638 821
1743436798373 3.854326019287109 822
1743436804705 3.9653096103668215 823
1743436812509 4.159328711032868 824
1743436819715 3.9331753182411195 825
1743436826771 4.077812132835388 826
1743436834261 4.0915096211433415 827
1743436840782 4.1547611975669865 828
1743436847484 4.05769784450531 829
1743436854560 4.114637212753296 830
1743436856969 4.081905183792114 831
1743436864168 4.0901196622848515 832
1743436871689 4.152894260883332 833
1743436878613 4.0764653325080875 834
1743436886335 4.2262059640884395 835
1743436893075 4.291672973632813 836
1743436901115 4.190580136775971 837
1743436910394 4.173872811794281 838
1743436918466 4.187379901409149 839
1743436925857 4.242251634597778 840
1743436933595 4.229051597118378 841
1743436940243 4.197391927242279 842
1743436946835 4.2262597441673275 843
1743436947425 4.229304025173187 844
1743436954250 4.299696941375732 845
1743436960985 4.18216977596283 846
1743436967644 4.1270960378646855 847
1743436968238 4.1228345680236815 848
1743436975404 4.213185658454895 849
1743436982777 4.272235593795776 850
1743436989083 4.12714693069458 851
1743436995654 4.237310538291931 852
1743437002497 4.159132468700409 853
1743437009269 4.2343371391296385 854
1743437016738 4.227212045192719 855
1743437024130 4.245292394161225 856
1743437031574 4.242127850055694 857
1743437039126 4.215466442108155 858
1743437046523 4.017246720790863 859
1743437053062 4.1978254318237305 860
1743437059723 4.140884637832642 861
1743437066950 4.15523800611496 862
1743437074876 4.0761664319038395 863
1743437082054 4.100119581222534 864
1743437088592 4.064766044616699 865
1743437095752 3.950086088180542 866
1743437102228 3.9512250351905824 867
1743437108637 3.990108745098114 868
1743437115568 4.05510960817337 869
1743437122630 3.9021286177635193 870
1743437129632 4.081093668937683 871
1743437136761 3.8794530248641967 872
1743437143861 4.025729916095734 873
1743437150862 3.9220759725570677 874
1743437157791 4.033926041126251 875
1743437165234 4.006210565567017 876
1743437171843 4.082874884605408 877
1743437178135 3.9646251893043516 878
1743437184279 4.01385014295578 879
1743437191703 4.011771619319916 880
1743437192289 4.018819077014923 881
1743437199537 4.063458824157715 882
1743437206144 4.087771718502045 883
1743437212540 4.021728866100311 884
1743437219574 4.102340981960297 885
1743437226234 4.120744860172271 886
1743437233484 3.9742410016059875 887
1743437241015 4.205479416847229 888
1743437247988 4.0561445569992065 889
1743437254740 4.033388957977295 890
1743437261224 4.071790442466736 891
1743437267728 3.9973879075050354 892
1743437274813 4.038191184997559 893
1743437281420 4.080261399745941 894
1743437288527 4.0699404525756835 895
1743437295847 4.102620334625244 896
1743437303315 4.172301588058471 897
1743437310171 4.209257998466492 898
1743437316996 4.101693162918091 899
1743437323772 4.264111511707306 900
1743437330994 4.20416069984436 901
1743437338644 4.24440288066864 902
1743437346101 4.245028920173645 903
1743437352371 4.172016184329987 904
1743437358566 4.244707341194153 905
1743437365870 4.234924166202545 906
1743437372555 4.266353948116302 907
1743437379290 4.238828775882721 908
1743437387966 4.250019133090973 909
1743437394583 4.282484729290008 910
1743437402534 4.204039573669434 911
1743437408853 4.184897685050965 912
1743437415192 4.286795444488526 913
1743437421846 4.302383933067322 914
1743437430140 4.168792846202851 915
1743437437723 4.098399834632874 916
1743437445458 4.122607755661011 917
1743437452610 4.137744903564453 918
1743437459752 4.183514242172241 919
1743437466252 4.147107212543488 920
1743437473390 4.150510573387146 921
1743437480053 4.140459756851197 922
1743437486907 4.155927183628083 923
1743437494319 4.2777769780159 924
1743437500953 4.1105859756469725 925
1743437507765 4.063777179718017 926
1743437514863 4.171601080894471 927
1743437521518 4.133179574012757 928
1743437525879 4.130537276268005 929
1743437532597 4.071069898605347 930
1743437539457 4.214059860706329 931
1743437546340 4.106197869777679 932
1743437552479 4.115165357589722 933
1743437558529 4.154579665660858 934
1743437565333 4.093611807823181 935
1743437572411 4.100527606010437 936
1743437579585 4.2112896180152894 937
1743437586224 4.109912006855011 938
1743437592243 4.0933197045326235 939
1743437599091 4.0737280797958375 940
1743437605583 3.957477490901947 941
1743437612043 3.997899236679077 942
1743437618688 3.997280972003937 943
1743437625592 3.974016044139862 944
1743437632191 3.9972647333145144 945
1743437639075 4.0544409394264225 946
1743437645713 3.978248951435089 947
1743437652164 3.8991342282295225 948
1743437659026 3.8827818846702575 949
1743437665645 3.9168418145179746 950
1743437666237 3.9182235050201415 951
1743437673874 3.8434827303886414 952
1743437680658 3.6594171786308287 953
1743437687356 3.6445045495033264 954
1743437694293 3.74917884349823 955
1743437701246 3.6646448278427126 956
1743437707927 3.669760720729828 957
1743437709640 3.671326308250427 958
1743437715942 3.7842765402793885 959
1743437722977 3.743596031665802 960
1743437729988 3.746158390045166 961
1743437736827 3.692423324584961 962
1743437743540 3.78700359582901 963
1743437750464 3.7106626057624816 964
1743437757071 3.8166839981079104 965
1743437763165 3.842101354598999 966
1743437769321 3.7906540632247925 967
1743437776137 3.7793709444999695 968
1743437783018 3.677693808078766 969
1743437789883 3.8018284893035887 970
1743437796806 3.804700676202774 971
1743437803614 3.7929946780204773 972
1743437810624 3.7367474842071533 973
1743437817475 3.663958785533905 974
1743437824452 3.667739849090576 975
1743437831326 3.6101098537445067 976
1743437833632 3.6456800293922424 977
1743437840461 3.6177700090408327 978
1743437847633 3.6649671173095704 979
1743437854890 3.596969714164734 980
1743437862148 3.5132049703598023 981
1743437869550 3.6156812489032744 982
1743437870146 3.6314488303661348 983
1743437877166 3.6215606427192686 984
1743437884480 3.8237008309364318 985
1743437886514 3.8332009100914 986
1743437894004 3.582978233098984 987
1743437901032 3.6838281393051147 988
1743437901630 3.696425745487213 989
1743437908822 3.7136632895469663 990
1743437915789 3.6092903661727904 991
1743437922517 3.7205341720581053 992
1743437929151 3.7327532052993773 993
1743437935751 3.817548923492432 994
1743437942830 3.6512999057769777 995
1743437949389 3.6677591753005983 996
1743437955831 3.6815008115768433 997
1743437962590 3.6896535420417784 998
1743437969597 3.76985511302948 999
1743437976610 3.6674844622612 1000
1743437983717 3.645736916065216 1001
1743437990489 3.6471343207359315 1002
1743437997343 3.57562340259552 1003
1743438004351 3.685223047733307 1004
1743438011023 3.5520652174949645 1005
1743438017875 3.6852053737640382 1006
1743438024880 3.676388354301453 1007
1743438031688 3.7962558102607726 1008
1743438038793 3.7328887009620666 1009
1743438045290 3.9163753747940064 1010
1743438052175 3.928963508605957 1011
1743438059305 3.9211291384696962 1012
1743438066307 3.856262240409851 1013
1743438072927 3.849535406827927 1014
1743438075055 3.856755689382553 1015
1743438081907 3.8953309154510496 1016
1743438088429 3.972406840324402 1017
1743438095563 4.091664979457855 1018
1743438102941 3.9513673186302185 1019
1743438110138 3.8965618300437925 1020
1743438117326 3.890574727058411 1021
1743438117924 3.8733281207084658 1022
1743438125293 3.994511682987213 1023
1743438131651 3.8624304723739624 1024
1743438138242 4.0181350016593935 1025
1743438144851 3.9540876960754394 1026
1743438151922 4.054176087379456 1027
1743438159075 4.027394907474518 1028
1743438166329 4.06513712644577 1029
1743438166917 4.056885690689087 1030
1743438173929 4.042583441734314 1031
1743438180995 4.020858974456787 1032
1743438188078 3.9796549391746523 1033
1743438194760 3.9750084853172303 1034
1743438200915 4.087233464717865 1035
1743438207594 3.8761113035678862 1036
1743438213887 4.079803397655487 1037
1743438220052 4.044080042839051 1038
1743438226794 4.091560800075531 1039
1743438232796 4.067520086765289 1040
1743438240031 4.140544860363007 1041
1743438246930 4.108467104434967 1042
1743438253931 4.051765305995941 1043
1743438260860 4.168926432132721 1044
1743438267647 4.135993771553039 1045
1743438274376 4.008091897964477 1046
1743438281338 4.102429211139679 1047
1743438287970 4.15510650396347 1048
1743438294692 4.118020746707916 1049
1743438301486 4.154805374145508 1050
1743438308343 4.046804735660553 1051
1743438315242 4.025472810268402 1052
1743438322388 3.9500720858573914 1053
1743438328662 4.072006471157074 1054
1743438335103 3.9952817034721373 1055
1743438341944 4.065104603767395 1056
1743438343972 4.086246936321259 1057
1743438352495 4.059135220050812 1058
1743438353094 4.054243602752686 1059
1743438359546 4.025603646039963 1060
1743438366941 4.035132069587707 1061
1743438373186 4.047990498542785 1062
1743438379932 3.895988380908966 1063
1743438386234 3.9467596435546874 1064
1743438392812 3.9647037529945375 1065
1743438399104 4.063895554542541 1066
1743438405467 4.010715811252594 1067
1743438411783 4.028540890216828 1068
1743438418595 3.9769773507118225 1069
1743438425520 3.9555798316001893 1070
1743438432331 3.9662984228134155 1071
1743438439130 3.8324130725860597 1072
1743438445817 3.9249628388881685 1073
1743438452592 3.8850747668743133 1074
1743438459392 3.864774467945099 1075
1743438466237 3.857401282787323 1076
1743438472792 3.874540903568268 1077
1743438479731 3.9089446020126344 1078
1743438486468 3.9763727474212645 1079
1743438492934 3.901335085630417 1080
1743438499637 3.900020246505737 1081
1743438500372 3.909094669818878 1082
1743438506927 3.8474590802192687 1083
1743438513323 3.9509922909736632 1084
1743438519761 3.9030480551719666 1085
1743438526501 4.001638648509979 1086
1743438532985 4.0679810523986815 1087
1743438539369 3.981193194389343 1088
1743438545677 3.9616510319709777 1089
1743438552205 3.9195590257644652 1090
1743438558798 3.782521035671234 1091
1743438564826 3.699675359725952 1092
1743438571006 3.8217706871032715 1093
1743438577256 3.8222739267349244 1094
1743438584047 3.7320159435272218 1095
1743438591363 3.7217777121067046 1096
1743438598866 3.8181135845184326 1097
1743438605222 3.8133477854728697 1098
1743438611629 3.755525300502777 1099
1743438614424 3.766317751407623 1100
1743438615009 3.7573620510101318 1101
1743438621261 3.831007912158966 1102
1743438627760 3.8048341488838195 1103
1743438634735 3.804439301490784 1104
1743438641433 3.7501253986358645 1105
1743438648666 3.65231173992157 1106
1743438655577 3.686795859336853 1107
1743438656170 3.6873738098144533 1108
1743438662937 3.6822285652160645 1109
1743438669869 3.663760757446289 1110
1743438676753 3.6797387385368348 1111
1743438683697 3.683488323688507 1112
1743438690802 3.668384416103363 1113
1743438697707 3.5948524355888365 1114
1743438704661 3.70198691368103 1115
1743438706701 3.677210123538971 1116
1743438713263 3.777734136581421 1117
1743438717283 3.7062792205810546 1118
1743438723144 3.5646679174900053 1119
1743438729943 3.39001259803772 1120
1743438736765 3.500858709812164 1121
1743438743292 3.441845750808716 1122
1743438749876 3.368360924720764 1123
1743438756119 3.32048748254776 1124
1743438756874 3.336557273864746 1125
1743438763761 3.279430170059204 1126
1743438770603 3.2981788229942324 1127
1743438777432 3.310028079748154 1128
1743438778017 3.3139790904521944 1129
1743438784746 3.2018730032444 1130
1743438791504 3.193425840139389 1131
1743438798362 2.9412455236911774 1132
1743438804545 2.8216534554958344 1133
1743438805128 2.823022028207779 1134
1743438805716 2.831177498102188 1135
1743438812200 3.042751441001892 1136
1743438819062 2.9416048455238344 1137
1743438821111 2.884058458805084 1138
1743438827904 2.756477313041687 1139
1743438834612 2.8634027242660522 1140
1743438841113 2.8238018202781676 1141
1743438847716 2.821494425535202 1142
1743438854522 2.7192783015966415 1143
1743438861223 2.6577895283699036 1144
1743438867721 2.7650027084350586 1145
1743438874533 2.6533143746852876 1146
1743438880978 2.5324321842193602 1147
1743438887772 2.529709722995758 1148
1743438894428 2.3430757874250414 1149
1743438901274 2.372706128358841 1150
1743438908257 2.2407695278525352 1151
1743438915623 2.3479695928096773 1152
1743438922403 2.394108949303627 1153
1743438929177 2.36057543694973 1154
1743438936290 2.3276869821548463 1155
1743438943174 2.415306318998337 1156
1743438949618 2.498489200770855 1157
1743438956681 2.5168332374095916 1158
1743438963090 2.4701356281340123 1159
1743438970057 2.3382763209939004 1160
1743438976888 2.337044006586075 1161
1743438983377 2.332574568390846 1162
1743438989920 2.3938602727651594 1163
1743438996690 2.3238489764928816 1164
1743439003547 2.43763895958662 1165
1743439010295 2.375196070075035 1166
1743439016793 2.2711620062589644 1167
1743439023269 2.447026484310627 1168
1743439030067 2.4272588065266607 1169
1743439036864 2.3261099046468736 1170
1743439043028 2.168717512488365 1171
1743439049479 2.2941179811954497 1172
1743439055901 2.1773470789194107 1173
1743439062127 2.3075378066301346 1174
1743439068690 2.1192012959718705 1175
1743439069282 2.1327656441926957 1176
1743439075460 2.3054468873143197 1177
1743439081832 2.460519182682037 1178
1743439088339 2.2589811486005784 1179
1743439094622 2.4709341484308243 1180
1743439101436 2.475533826947212 1181
1743439108326 2.347968016862869 1182
1743439115270 2.38875044465065 1183
1743439122034 2.3458971095085146 1184
1743439126195 2.304213377833366 1185
1743439132378 2.2998482352495193 1186
1743439138705 2.4398480218648912 1187
1743439145730 2.284842702150345 1188
1743439146366 2.2678587818145752 1189
1743439146939 2.284422767162323 1190
1743439153700 2.2960293173789976 1191
1743439160412 2.234715088605881 1192
1743439167332 2.2745427149534225 1193
1743439169721 2.2679909831285476 1194
1743439176935 2.236111570596695 1195
1743439183662 2.2322085630893707 1196
1743439190525 2.2011659157276156 1197
1743439197449 2.049410083293915 1198
1743439204110 2.1307885521650314 1199
1743439209931 2.1356788495182992 1200
1743439216344 2.256991368532181 1201
1743439217078 2.2513150548934937 1202
1743439218749 2.2643859446048737 1203
1743439225548 2.0809099638462065 1204
1743439232544 2.2027253311872483 1205
1743439239399 2.2365987807512284 1206
1743439239992 2.247603629231453 1207
1743439246781 2.1346869310736656 1208
1743439253657 2.2466234904527664 1209
1743439260539 2.123802691102028 1210
1743439267317 2.1812826019525526 1211
1743439274098 2.299064547121525 1212
1743439280639 2.3387711960077286 1213
1743439287448 2.1915483593940737 1214
1743439289571 2.252144515812397 1215
1743439296350 2.285225040912628 1216
1743439303417 2.275862988233566 1217
1743439310746 2.322288307547569 1218
1743439317973 2.229978166818619 1219
1743439325126 2.4225067752599716 1220
1743439331751 2.29278096139431 1221
1743439338906 2.2277628064155577 1222
1743439340965 2.2753847569227217 1223
1743439347801 2.188056071996689 1224
1743439354512 2.1465322440862655 1225
1743439361007 2.264854464530945 1226
1743439367613 2.2886249053478243 1227
1743439374224 2.261812845468521 1228
1743439380889 2.2699243891239167 1229
1743439387600 2.3420677530765532 1230
1743439394353 2.3587926894426348 1231
1743439401060 2.3223592483997346 1232
1743439407833 2.3277030020952223 1233
1743439414704 2.2629154551029207 1234
1743439421179 2.463218992948532 1235
1743439427846 2.5293131506443025 1236
1743439434941 2.4075958740711214 1237
1743439441844 2.293548321723938 1238
1743439448784 2.4014036899805067 1239
1743439455646 2.3526358366012574 1240
1743439462459 2.2919638685882093 1241
1743439469289 2.199287225008011 1242
1743439476149 2.31495331287384 1243
1743439482923 2.2201286149024964 1244
1743439489851 2.227460463643074 1245
1743439496646 2.193787459731102 1246
1743439503518 2.2099302688241007 1247
1743439510236 2.110523130297661 1248
1743439516906 2.104467311501503 1249
1743439523849 1.9906385028362275 1250
1743439531037 1.901057657301426 1251
1743439538065 1.953840736746788 1252
1743439544978 1.9901090198755265 1253
1743439551901 1.9571014492213725 1254
1743439556026 2.0107737818360327 1255
1743439562788 2.1399744948744774 1256
1743439569857 1.9914250761270522 1257
1743439576828 2.0334974846243856 1258
1743439578559 2.0407535663247107 1259
1743439585322 2.0599279618263244 1260
1743439592629 2.066202310174704 1261
1743439599455 1.8936675415933133 1262
1743439605831 1.873974617421627 1263
1743439612643 1.9323201885819434 1264
1743439619677 1.9044084203988314 1265
1743439621810 1.8946480373293162 1266
1743439628455 1.9801637348532677 1267
1743439635351 1.795904783308506 1268
1743439642223 1.843587634563446 1269
1743439648784 1.7586796444654464 1270
1743439655226 1.7525353062152862 1271
1743439657263 1.7587802577018739 1272
1743439664113 1.8881150144338608 1273
1743439670754 1.8097949150204657 1274
1743439677859 1.8825245812535285 1275
1743439678449 1.869955989420414 1276
1743439685382 1.881043537259102 1277
1743439692324 1.8291137357056142 1278
1743439699018 1.7243263417482375 1279
1743439705891 1.6350365793704986 1280
1743439712583 1.6476340945065022 1281
1743439719393 1.7209103666245937 1282
1743439726473 1.5329324441403152 1283
1743439729187 1.5372469736635685 1284
1743439735456 1.6377037633955478 1285
1743439736379 1.6493494386970997 1286
1743439743673 1.5640583543479443 1287
1743439750690 1.660556715875864 1288
1743439751287 1.6674572886526584 1289
1743439753971 1.567797313630581 1290
1743439760708 1.6119812341034412 1291
1743439767730 1.630844574570656 1292
1743439774972 1.6298914851248265 1293
1743439781568 1.6390593168139458 1294
1743439788397 1.6808793178200723 1295
1743439795127 1.4767399787902833 1296
1743439796931 1.4919632115960122 1297
1743439804142 1.4778860242664813 1298
1743439810892 1.4961021876335143 1299
1743439818266 1.5736619973182677 1300
1743439825062 1.5811335211992263 1301
1743439831914 1.5640642215311527 1302
1743439833643 1.5721736024320125 1303
1743439840466 1.5740307477116584 1304
1743439847182 1.3476513615995644 1305
1743439847946 1.3454090539366006 1306
1743439854996 1.369218099564314 1307
1743439861514 1.389478581547737 1308
1743439868450 1.4076316921412946 1309
1743439875604 1.6059455206990243 1310
1743439882400 1.3272623600065707 1311
1743439889412 1.4844929529726505 1312
1743439896558 1.553866686373949 1313
1743439903535 1.4978708109259606 1314
1743439910117 1.597328801304102 1315
1743439917318 1.388128772675991 1316
1743439924449 1.5194775718450546 1317
1743439926210 1.475361273288727 1318
1743439927047 1.4305803260207177 1319
1743439928758 1.3842690832912923 1320
1743439935936 1.5285684275627136 1321
1743439942957 1.4983078423142433 1322
1743439945596 1.5471709372103215 1323
1743439952278 1.3642776182293892 1324
1743439952865 1.3681091359257698 1325
1743439953462 1.364810440838337 1326
1743439960448 1.4118936298787594 1327
1743439967713 1.4309165273606776 1328
1743439974658 1.3762127555906774 1329
1743439981955 1.3967030803859233 1330
1743439989298 1.290299941673875 1331
1743439996575 1.2946296674013138 1332
1743440003870 1.2632070699334144 1333
1743440004741 1.253864241540432 1334
1743440011810 1.2365212742984295 1335
1743440018484 1.3935385717451572 1336
1743440025101 1.307921174019575 1337
1743440031939 1.179576128348708 1338
1743440038755 1.1670694079995156 1339
1743440045560 1.1162435421347618 1340
1743440052635 1.065474577844143 1341
1743440059773 1.127093676328659 1342
1743440066492 1.1286672580242156 1343
1743440073251 0.976556487083435 1344
1743440080163 1.062488338202238 1345
1743440087304 1.1544230642914772 1346
1743440089388 1.1136053189635278 1347
1743440096094 0.9791143499314785 1348
1743440102982 0.8258676408231258 1349
1743440103582 0.8196360848844051 1350
1743440110401 0.9741385924071073 1351
1743440116935 1.0597203417867422 1352
1743440123498 0.9126558323949575 1353
1743440125385 0.8959418369084596 1354
1743440132211 0.8946928970515728 1355
1743440138962 0.9930163435637951 1356
1743440139546 0.9733699007332325 1357
1743440146542 0.9363675998151302 1358
1743440152385 0.911721418350935 1359
1743440159150 0.9366803243756294 1360
1743440162311 0.9993835209310055 1361
1743440169374 0.8754617837071419 1362
1743440176304 0.8218014054372906 1363
1743440183087 0.953340869024396 1364
1743440184841 0.955524572506547 1365
1743440191795 0.6411458262056112 1366
1743440198404 0.6394301145523786 1367
1743440205761 0.6436834782361984 1368
1743440212346 0.5675708987563849 1369
1743440219466 0.5428405872732401 1370
1743440226235 0.554535111039877 1371
1743440230357 0.5253485646098852 1372
1743440236957 0.5173544737696648 1373
1743440243828 0.5576567297428846 1374
1743440250591 0.4956431210041046 1375
1743440257606 0.4748462025076151 1376
1743440264479 0.5065968710929155 1377
1743440271361 0.31275836043059824 1378
1743440278534 0.3732532344013453 1379
1743440285289 0.23526807487010956 1380
1743440292273 0.1618289465457201 1381
1743440299103 0.17623157791793345 1382
1743440306010 0.055091657564044 1383
1743440313164 -0.05133895076811314 1384
1743440320191 0.025687645077705382 1385
1743440326908 -0.14771959453821182 1386
1743440333883 0.06182308785617351 1387
1743440340739 -0.018574782460927964 1388
1743440347286 -0.14012887671589852 1389
1743440354136 -0.14160309821367265 1390
1743440360292 -0.031057494953274728 1391
1743440366928 -0.1363946044445038 1392
1743440373368 -0.06651708498597145 1393
1743440379976 -0.15828972145915032 1394
1743440386672 -0.06765905246138573 1395
1743440392576 -0.38872536458075047 1396
1743440399384 -0.34312868274748326 1397
1743440406192 -0.25124390128999946 1398
1743440413169 -0.3687434175610542 1399
1743440419952 -0.5198095797002316 1400
1743440426707 -0.43746499203145506 1401
1743440427304 -0.45512557052075864 1402
1743440433998 -0.5029120913892985 1403
1743440440829 -0.4942719332873821 1404
1743440447886 -0.43857591692358255 1405
1743440454704 -0.22902192592620849 1406
1743440461296 -0.34757542937994 1407
1743440467894 -0.48321988686919215 1408
1743440475009 -0.469721342176199 1409
1743440481486 -0.3360647715628147 1410
1743440483518 -0.3554430578649044 1411
1743440487438 -0.4969891668856144 1412
1743440494343 -0.4740410482883453 1413
1743440501418 -0.57267862662673 1414
1743440508308 -0.6016583832725882 1415
1743440514838 -0.7402295815199613 1416
1743440521505 -0.6551526780426502 1417
1743440528549 -0.7499734476208687 1418
1743440535124 -0.7635446046292782 1419
1743440541608 -0.7394715019315481 1420
1743440543371 -0.8062085853517056 1421
1743440550347 -0.5865818719565868 1422
1743440557345 -0.7805726160854101 1423
1743440564380 -0.7255395077168941 1424
1743440571179 -0.8789209216833115 1425
1743440578572 -0.9510100644081831 1426
1743440585378 -0.7568620663881301 1427
1743440591753 -0.8742174588143825 1428
1743440592355 -0.8810295091569423 1429
1743440594156 -0.8371552987396718 1430
1743440601337 -0.7163931491971016 1431
1743440603642 -0.7764938809722662 1432
1743440604393 -0.773955499753356 1433
1743440611674 -0.8373023049533367 1434
1743440618779 -0.7672172224335373 1435
1743440626070 -0.5733581882715225 1436
1743440633053 -0.6954651775956154 1437
1743440640117 -0.7317870929837227 1438
1743440647334 -0.6416849365830422 1439
1743440649328 -0.5930093219876289 1440
1743440652110 -0.6075307002663612 1441
1743440658770 -0.7551315744221211 1442
1743440665615 -0.5614285059273243 1443
1743440672421 -0.6096418853849173 1444
1743440679181 -0.7214323154091835 1445
1743440686156 -0.6642768239974975 1446
1743440692695 -0.958595706447959 1447
1743440699340 -0.8219826072454453 1448
1743440705986 -0.8009997066110373 1449
1743440712525 -0.731983442157507 1450
1743440719246 -0.8052083137631416 1451
1743440726445 -0.9313454405218363 1452
1743440733412 -0.9720270877331495 1453
1743440740279 -0.982529695481062 1454
1743440747135 -0.899214475825429 1455
1743440753791 -0.9448442888259888 1456
1743440760394 -0.877125828564167 1457
1743440766933 -1.0039208136871458 1458
1743440773742 -0.9349737070500851 1459
1743440780114 -0.8958855547010899 1460
1743440780866 -0.909274666160345 1461
1743440787780 -0.982555791772902 1462
1743440794765 -1.0033601485192776 1463
1743440801487 -1.0618073181807994 1464
1743440808278 -1.1839145442843437 1465
1743440815231 -0.902979833856225 1466
1743440821847 -1.0812081121653319 1467
1743440823730 -1.1088260831683874 1468
1743440830257 -0.8691658689081669 1469
1743440836831 -0.9499891945719718 1470
1743440837441 -0.9670972177386283 1471
1743440844352 -0.949336268864572 1472
1743440846296 -0.9893442955240608 1473
1743440853333 -1.1526004066318274 1474
1743440860381 -1.2281947435438634 1475
1743440867179 -1.230020702034235 1476
1743440873980 -1.1443712954223155 1477
1743440881312 -1.2382733522355556 1478
1743440888100 -0.9914708506315947 1479
1743440895058 -1.1036983013153077 1480
1743440902220 -1.242516800314188 1481
1743440909031 -1.3335169593989848 1482
1743440911325 -1.3964663760364056 1483
1743440918220 -1.2529177311062814 1484
1743440924823 -1.1662712658196688 1485
1743440931442 -1.2340965373814106 1486
1743440932040 -1.244703197032213 1487
1743440938940 -1.1193527371436358 1488
1743440939696 -1.1119471222907304 1489
1743440946976 -1.0412258990108967 1490
1743440954027 -1.0569982067495585 1491
1743440960712 -1.077865633070469 1492
1743440967792 -0.9481436033546925 1493
1743440974276 -0.8970034567266703 1494
1743440980871 -1.1224525459110737 1495
1743440988318 -1.169834417924285 1496
1743440995427 -0.9065785492956638 1497
1743441002680 -1.0430592042952775 1498
1743441009663 -0.9964113788306713 1499
1743441016742 -1.024212715551257 1500
1743441023642 -0.9077287629246712 1501
1743441031102 -1.234337492734194 1502
1743441038398 -0.9812343360483646 1503
1743441039002 -0.994802549034357 1504
1743441046216 -1.1487884663790464 1505
1743441053247 -1.24496062874794 1506
1743441059922 -1.3482890367507934 1507
1743441066821 -1.0572659125179051 1508
1743441073918 -1.2830691975355148 1509
1743441080896 -1.2133169041574001 1510
1743441082720 -1.2275088919699193 1511
1743441089578 -1.031323657631874 1512
1743441096472 -0.9176346286386251 1513
1743441103011 -1.171582462489605 1514
1743441109474 -1.0628919032216073 1515
1743441116104 -1.0029278859496116 1516
1743441123060 -1.1314861428737641 1517
1743441129826 -1.055991344973445 1518
1743441136698 -1.1670383835583926 1519
1743441137297 -1.1887441668659449 1520
1743441143688 -1.0977907764911652 1521
1743441150374 -0.9571905940026045 1522
1743441157019 -1.0550015645474196 1523
1743441159628 -1.094096863940358 1524
1743441166407 -0.8218793079257012 1525
1743441173112 -0.9236643444001674 1526
1743441179817 -1.0710852947831153 1527
1743441182081 -1.0346144188940525 1528
1743441189250 -1.1752353432774543 1529
1743441196230 -0.9499920795112848 1530
1743441203037 -1.1130553366988898 1531
1743441209588 -1.0545106263458728 1532
1743441210176 -1.079140871912241 1533
1743441217065 -0.9201509644091129 1534
1743441224192 -0.8818859049677849 1535
1743441231444 -0.8369782184064388 1536
1743441238696 -1.106333768516779 1537
1743441240632 -1.0852534188330174 1538
1743441247844 -0.9762609539926053 1539
1743441254696 -1.0398862642049789 1540
1743441261764 -0.9055178245902061 1541
1743441269168 -1.0148093496263026 1542
1743441270026 -1.0095195488631725 1543
1743441277301 -0.83002197496593 1544
1743441284542 -1.0134877866506578 1545
1743441291382 -1.0296594366431235 1546
1743441298505 -1.1425418484210967 1547
1743441305175 -0.9635442345589399 1548
1743441311924 -1.1917986433953047 1549
1743441318866 -1.2476243963837623 1550
1743441325813 -1.1665217600017785 1551
1743441332912 -1.0762707069516182 1552
1743441339847 -0.9732993185520172 1553
1743441340449 -0.9624840342998504 1554
1743441342459 -1.0603689977526665 1555
1743441349506 -1.1995121581852437 1556
1743441356426 -1.0811044232174754 1557
1743441363740 -1.1965442659705878 1558
1743441370337 -1.068570463359356 1559
1743441377158 -1.1764364897459745 1560
1743441383592 -1.1971728605031968 1561
1743441390302 -1.030356827825308 1562
1743441396908 -1.083784763365984 1563
1743441403569 -1.1442825549840927 1564
1743441410188 -1.1232952354848385 1565
1743441417044 -1.1364506596326829 1566
1743441417632 -1.128486481308937 1567
1743441424676 -1.141422420144081 1568
1743441431505 -1.0895974547415972 1569
1743441437829 -1.0994012694060802 1570
1743441444784 -1.221212826743722 1571
1743441451610 -1.1238504780828953 1572
1743441453741 -1.1134405583143234 1573
1743441460511 -1.0545427849888802 1574
1743441467326 -1.280680630505085 1575
1743441473717 -1.0945066326856614 1576
1743441476238 -1.1982285380363464 1577
1743441478221 -1.0876681604981422 1578
1743441484698 -1.1368032851815224 1579
1743441491544 -1.1046222858130932 1580
1743441498545 -0.8601755790412426 1581
1743441505682 -0.9248279058933258 1582
1743441512809 -0.8482135590910912 1583
1743441513404 -0.8604232859611511 1584
1743441519913 -1.0151802022010088 1585
1743441527124 -0.9702378764748574 1586
1743441534009 -0.9653324784338474 1587
1743441541343 -0.9617474030703306 1588
1743441548511 -0.7617752499878406 1589
1743441555404 -1.0370098679512738 1590
1743441557043 -1.0569962941855193 1591
1743441563770 -0.8585926500707864 1592
1743441570699 -1.0123597428202629 1593
1743441577454 -1.1114347609877586 1594
1743441584324 -1.0350046227872371 1595
1743441590987 -1.1077953141927719 1596
1743441597692 -1.0150911173224448 1597
1743441605592 -1.1263469275832176 1598
1743441608727 -1.094239577203989 1599
1743441615868 -0.9566839800775051 1600
1743441622953 -1.0060831344127654 1601
1743441629856 -1.3135047787427903 1602
1743441636410 -1.237058603465557 1603
1743441643294 -1.0107366733253003 1604
1743441649932 -1.1513510900735855 1605
1743441658437 -0.9912188690900803 1606
1743441660115 -1.074041930884123 1607
1743441665854 -1.0423210456967353 1608
1743441671076 -1.2032726764678956 1609
1743441676402 -1.0608304212987423 1610
1743441676985 -1.0694517444074154 1611
1743441682232 -0.9703717197477818 1612
1743441687438 -1.0300367011874914 1613
1743441691667 -1.0299579463154078 1614
1743441696952 -1.211248457580805 1615
1743441702278 -1.0086505266278982 1616
1743441707389 -1.1720591352134944 1617
1743441712785 -1.1262652071565389 1618
1743441717914 -1.0995772944390774 1619
1743441723084 -1.259156035706401 1620
1743441728226 -1.1030783489346505 1621
1743441733562 -0.9088266269862652 1622
1743441739083 -1.0330860380828382 1623
1743441744443 -1.0710905627906322 1624
1743441749582 -1.0825448598340153 1625
1743441755024 -1.001669635474682 1626
1743441760392 -1.0764694649726152 1627
1743441765762 -1.0503528148680925 1628
1743441770904 -1.1232766491174697 1629
1743441776301 -1.0436872792243959 1630
1743441781665 -0.7902068519592285 1631
1743441786868 -0.9184354244917631 1632
1743441792078 -0.8370113681256771 1633
1743441797495 -1.09426926150918 1634
1743441802746 -0.8401431771367789 1635
1743441808218 -0.9504185883700847 1636
1743441813487 -0.9068275500833988 1637
1743441818564 -0.9427849861979485 1638
1743441824049 -0.8459098317474126 1639
1743441829168 -0.889032544568181 1640
1743441834431 -0.8143473051488399 1641
1743441836387 -0.7827164747565984 1642
1743441841604 -0.8494717229902744 1643
1743441846940 -0.9215270075201988 1644
1743441852289 -0.9673932118713856 1645
1743441857725 -1.0388608220219613 1646
1743441862810 -0.9682756585627794 1647
1743441863390 -0.9833111042529344 1648
1743441868619 -0.9085153494775295 1649
1743441873921 -0.9578683684021234 1650
1743441879239 -0.8981966646760702 1651
1743441884467 -0.8098794891685247 1652
1743441889708 -0.6719551837444305 1653
1743441894930 -0.7232741051912308 1654
1743441900232 -0.9215846100449562 1655
1743441905453 -0.9428970316052436 1656
1743441910872 -0.8064732237160206 1657
1743441916206 -0.7558027939498424 1658
1743441921489 -0.7242790025472641 1659
1743441926639 -0.6603044994920492 1660
1743441931826 -0.8037747292220593 1661
1743441937049 -0.8500146605074406 1662
1743441942302 -0.7272669189795852 1663
1743441947781 -0.4476086275279522 1664
1743441953149 -0.678591484874487 1665
1743441953723 -0.6535940520465374 1666
1743441958762 -0.5272817978262901 1667
1743441963928 -0.4940748202800751 1668
1743441969165 -0.5258951319754124 1669
1743441974581 -0.537216564565897 1670
1743441979685 -0.3883774597942829 1671
1743441984878 -0.2971483024209738 1672
1743441990009 -0.28363322593271734 1673
1743441995197 -0.2091349795460701 1674
1743442000398 -0.3573674775660038 1675
1743442002283 -0.3038255453109741 1676
1743442007664 -0.34908881653100254 1677
1743442013009 -0.18647761210799219 1678
1743442018204 -0.20999461144208909 1679
1743442023402 -0.18628365471959113 1680
1743442023987 -0.20283677116036414 1681
1743442029233 -0.09215048342943191 1682
1743442034414 -0.21971302673220636 1683
1743442034989 -0.2284671674668789 1684
1743442040399 0.05441005051136017 1685
1743442045626 0.044454435035586354 1686
1743442050684 -0.14547356121242047 1687
1743442055800 -0.13212009355425836 1688
1743442060936 -0.08423938110470772 1689
1743442066233 -0.010379166007041932 1690
1743442071514 0.01573955439031124 1691
1743442076954 -0.16081070825457572 1692
1743442081882 0.010369170382618904 1693
1743442087354 -0.04496911238878965 1694
1743442087934 -0.059313848130404946 1695
1743442093006 -0.09612939327955246 1696
1743442094719 -0.07026456341147423 1697
1743442100158 0.06738251969218254 1698
1743442105350 -0.037534582391381265 1699
1743442105935 -0.027372879460453987 1700
1743442111133 0.11976726591587067 1701
1743442116293 -0.13010869383811952 1702
1743442121510 0.10530331073328852 1703
1743442126697 0.10316416643559932 1704
1743442131783 0.12309902533888817 1705
1743442137132 0.11364021837711334 1706
1743442142442 0.2575340107828379 1707
1743442147930 0.21036287069320678 1708
1743442153172 0.22315977774560453 1709
1743442158417 0.2154002458229661 1710
1743442163715 0.33465647719800473 1711
1743442169194 0.42012908197939397 1712
1743442174671 0.4305580449849367 1713
1743442179855 0.3997730328887701 1714
1743442184960 0.47452985294163225 1715
1743442190142 0.5240504790842533 1716
1743442192063 0.49557267501950264 1717
1743442197108 0.4119685947149992 1718
1743442200583 0.4778114783391356 1719
1743442206120 0.4843264564871788 1720
1743442211409 0.6003326346725225 1721
1743442213459 0.585546828508377 1722
1743442218734 0.6435449722409249 1723
1743442224026 0.4995275515317917 1724
1743442229152 0.585503963008523 1725
1743442234504 0.6707867044210434 1726
1743442239857 0.6979332669824362 1727
1743442245194 0.6751601256430149 1728
1743442250537 0.5445749268680811 1729
1743442255803 0.6222379232943058 1730
1743442261181 0.8019723682850599 1731
1743442266572 0.8139764282107353 1732
1743442271890 0.8063955915719271 1733
1743442272604 0.8163724277168513 1734
1743442277879 0.8266754583269358 1735
1743442283244 0.7753730060905218 1736
1743442284190 0.8179880317300559 1737
1743442289516 0.879962718077004 1738
1743442294741 0.8453781798481941 1739
1743442299871 0.5664069683849812 1740
1743442305409 0.6266217962652445 1741
1743442306088 0.6154073152691126 1742
1743442311142 0.6538133866339922 1743
1743442312922 0.7179102832823991 1744
1743442318268 0.5615322463214397 1745
1743442323601 0.8571719356626272 1746
1743442328794 0.7864473497867585 1747
1743442334327 0.713799520432949 1748
1743442339754 0.6639329613000154 1749
1743442344899 0.7157605160027742 1750
1743442345483 0.7092491037398577 1751
1743442350847 0.8095421204715967 1752
1743442356032 0.7435903888940811 1753
1743442356736 0.7233195319771767 1754
1743442361926 0.818106175661087 1755
1743442367060 0.7358296696841716 1756
1743442369633 0.7415233592689038 1757
1743442374919 0.5981584937870502 1758
1743442375501 0.5754403705894947 1759
1743442377107 0.5448839357495308 1760
1743442378928 0.5651734407246113 1761
1743442384336 0.7465333409607411 1762
1743442389514 0.5797022936493158 1763
1743442394927 0.578191630244255 1764
1743442400378 0.5731937773525715 1765
1743442405617 0.6293574861437082 1766
1743442410821 0.3900686180219054 1767
1743442412565 0.3344645209237933 1768
1743442418077 0.7148189380019904 1769
1743442423637 0.6173243515193463 1770
1743442428901 0.660431286022067 1771
1743442429483 0.685744004175067 1772
1743442434674 0.5979853554069996 1773
1743442440116 0.4851988023519516 1774
1743442445524 0.5672124551236629 1775
1743442450763 0.3141809334233403 1776
1743442456093 0.43640634819865226 1777
1743442461320 0.2927807383984327 1778
1743442466573 0.4361470541357994 1779
1743442468486 0.37916137926280497 1780
1743442473769 0.2722237784415483 1781
1743442478973 0.12507297463715075 1782
1743442479862 0.14813524372875692 1783
1743442485197 0.13810485661029814 1784
1743442490604 -0.001180829331278801 1785
1743442496010 -0.16077579274773598 1786
1743442501249 -0.14865033432841301 1787
1743442506646 -0.3385131257772446 1788
1743442510787 -0.1041112294793129 1789
1743442516282 -0.2113332375884056 1790
1743442521525 -0.16636940449476242 1791
1743442526849 -0.33644799679517745 1792
1743442532372 -0.2845274605602026 1793
1743442537802 -0.22888608634471894 1794
1743442542938 -0.5038216032832861 1795
1743442548376 -0.38874180629849436 1796
1743442554001 -0.4559121058881283 1797
1743442559321 -0.4536806221306324 1798
1743442564618 -0.6243993006646633 1799
1743442569935 -0.48180118307471276 1800
1743442575403 -0.649659168869257 1801
1743442580613 -0.40359386630356314 1802
1743442586030 -0.7797530740499496 1803
1743442586607 -0.7950970715284348 1804
1743442591976 -0.6754477588832378 1805
1743442597329 -0.5763509607315064 1806
1743442602649 -0.6514515471458435 1807
1743442607894 -0.6187996876239776 1808
1743442613232 -0.6994903785735369 1809
1743442613814 -0.6767339295893907 1810
1743442619338 -0.6829891538619995 1811
1743442620954 -0.6907667914032936 1812
1743442626439 -0.8217409834265709 1813
1743442631764 -0.8002619212120772 1814
1743442632338 -0.795762005969882 1815
1743442637666 -0.9075224404036999 1816
1743442642848 -0.9610432201623916 1817
1743442648231 -0.878753880560398 1818
1743442653532 -0.8417070262134075 1819
1743442658927 -0.6338889546692371 1820
1743442659506 -0.6355017824470997 1821
1743442664928 -0.7956346332281828 1822
1743442670231 -0.5667875418066979 1823
1743442675535 -0.7158147849887609 1824
1743442681136 -0.517567608654499 1825
1743442685263 -0.5071218672394753 1826
1743442690386 -0.7459746659547091 1827
1743442695800 -0.7331330570578575 1828
1743442701004 -0.724825645647943 1829
1743442706144 -0.6678299418091774 1830
1743442711605 -0.7462510691583156 1831
1743442717131 -0.656077745705843 1832
1743442722421 -0.5595736892521381 1833
1743442727553 -0.5895185467600822 1834
1743442732810 -0.7633172143250704 1835
1743442736170 -0.6694611070305109 1836
1743442741166 -0.5500322786718607 1837
1743442746262 -0.48753016084432604 1838
1743442751611 -0.5202859254181385 1839
1743442756932 -0.3671595451235771 1840
1743442762295 -0.4758871406316757 1841
1743442765370 -0.5104077160358429 1842
1743442770582 -0.5031573400646449 1843
1743442775643 -0.7123541685938836 1844
1743442778743 -0.5481499630212784 1845
1743442784290 -0.4701505058258772 1846
1743442789563 -0.7105567517131567 1847
1743442794879 -0.5165626353025436 1848
1743442800145 -0.3867442008852959 1849
1743442805387 -0.5437690782546997 1850
1743442810605 -0.9067440083622933 1851
1743442815931 -0.5752642498910427 1852
1743442821414 -0.4786933271586895 1853
1743442826903 -0.5909351396560669 1854
1743442832274 -0.6028492634743452 1855
1743442837898 -0.7551522845029831 1856
1743442843333 -0.600534502863884 1857
1743442848628 -0.40506402008235454 1858
1743442854226 -0.5055864945054054 1859
1743442859565 -0.6798584798723459 1860
1743442864761 -0.42467109851539137 1861
1743442869988 -0.5681681647151708 1862
1743442875353 -0.37635466031730175 1863
1743442880568 -0.4871705005317926 1864
1743442885859 -0.3897607672214508 1865
1743442891358 -0.3749403191357851 1866
1743442896602 -0.28477104917168616 1867
1743442897455 -0.23524643003940582 1868
1743442902616 -0.4704559876024723 1869
1743442907967 -0.5476569148153067 1870
1743442913407 -0.4923519987985492 1871
1743442918442 -0.45120521157979965 1872
1743442923604 -0.5141904331743717 1873
1743442928989 -0.6665802407264709 1874
1743442934408 -0.3876240812242031 1875
1743442939701 -0.624027361497283 1876
1743442945037 -0.5225530705600977 1877
1743442950289 -0.3704735969752073 1878
1743442955557 -0.3352231760323048 1879
1743442960779 -0.24027174085378647 1880
1743442966081 -0.43039683789014815 1881
1743442971334 -0.4391088418662548 1882
1743442976551 -0.2979524631798267 1883
1743442978137 -0.3190257968008518 1884
1743442983263 -0.22330895535647868 1885
1743442988548 -0.352109777033329 1886
1743442993800 -0.3507467633485794 1887
1743442999147 -0.16736415527760984 1888
1743443004353 -0.42008711248636244 1889
1743443009455 -0.35459709584712984 1890
1743443014548 -0.33623489990830424 1891
1743443019573 -0.4728888013213873 1892
1743443024831 -0.4430293632298708 1893
1743443030235 -0.41378514245152476 1894
1743443035514 -0.6829110994935036 1895
1743443040752 -0.3538445074856281 1896
1743443041391 -0.3515583856403828 1897
1743443042990 -0.45153024181723594 1898
1743443048367 -0.32609756380319593 1899
1743443053430 -0.4514505748450756 1900
1743443058730 -0.5912433839589357 1901
1743443064116 -0.22808700501918794 1902
1743443069316 -0.4812552108615637 1903
1743443074554 -0.5451906009018421 1904
1743443079584 -0.5026346969604493 1905
1743443084846 -0.44592288091778753 1906
1743443086762 -0.6073467327654362 1907
1743443088315 -0.6348233556747437 1908
1743443093725 -0.5009418720006943 1909
1743443097844 -0.48602964654564856 1910
1743443103161 -0.5137722163647414 1911
1743443108449 -0.42462564647197726 1912
1743443113880 -0.4371744485944509 1913
1743443119163 -0.5333456202596426 1914
1743443125398 -0.5557317281514407 1915
1743443130747 -0.6509502626955509 1916
1743443135910 -0.6200811172276736 1917
1743443141005 -0.5283145359903574 1918
1743443146262 -0.5915475526452064 1919
1743443148211 -0.6096696747839451 1920
1743443153536 -0.4544694294780493 1921
1743443154121 -0.44941978953778744 1922
1743443159426 -0.4282482571154833 1923
1743443164585 -0.4075208853930235 1924
1743443169817 -0.6006405537575483 1925
1743443175193 -0.43916123613715174 1926
1743443176956 -0.4645997801423073 1927
1743443182153 -0.422712272927165 1928
1743443187321 -0.43062099993228914 1929
1743443192889 -0.6244035749137402 1930
1743443198169 -0.6502459180355072 1931
1743443203488 -0.6027182511240244 1932
1743443208793 -0.778323759958148 1933
1743443213882 -0.772049152739346 1934
1743443219232 -0.8717611162364483 1935
1743443224629 -0.688197910785675 1936
1743443230112 -1.0609128816425801 1937
1743443235383 -0.7096756435930729 1938
1743443240468 -0.866812491454184 1939
1743443245626 -0.8938419097661972 1940
1743443246201 -0.9031327855587006 1941
1743443251540 -1.0195312176644802 1942
1743443256859 -1.1680843067169189 1943
1743443262168 -1.0085909563302993 1944
1743443267547 -1.09315429225564 1945
1743443272764 -0.9337756308913231 1946
1743443277939 -0.9457701490819455 1947
1743443283138 -0.9729255901277065 1948
1743443288319 -1.046924363821745 1949
1743443293624 -0.8546921214461327 1950
1743443298935 -1.0294470612704754 1951
1743443304134 -0.8087759412825107 1952
1743443304713 -0.8304437734186649 1953
1743443306538 -0.8101662595570087 1954
1743443311724 -0.8723452730476856 1955
1743443317024 -0.9629261662065983 1956
1743443319760 -1.032497279793024 1957
1743443325304 -0.9184448282420635 1958
1743443330502 -0.904604725241661 1959
1743443335789 -0.8633382987231016 1960
1743443336367 -0.8886201518028974 1961
1743443341662 -1.0039618776738644 1962
1743443343609 -1.026771774739027 1963
1743443348781 -1.0982996939122678 1964
1743443354124 -0.9307864485681057 1965
1743443359466 -0.8552655650675297 1966
1743443364642 -0.9453648630529642 1967
1743443369906 -0.9377709682285785 1968
1743443372030 -0.9884034729003907 1969
1743443373686 -0.8962000072002411 1970
1743443379061 -1.0265312664210797 1971
1743443384352 -1.1053513617813586 1972
1743443389707 -1.1819431625306607 1973
1743443394887 -1.0315700982511045 1974
1743443400003 -1.4133561386168003 1975
1743443403567 -1.3066440635919572 1976
1743443408573 -1.438671821653843 1977
1743443413671 -1.378048148676753 1978
1743443419023 -1.491048208773136 1979
1743443424225 -1.108354815840721 1980
1743443429379 -1.242444007396698 1981
1743443434598 -1.3626199248433113 1982
1743443439867 -1.4885998719930649 1983
1743443445091 -1.6210639175772668 1984
1743443450350 -1.610359777957201 1985
1743443456001 -1.6769407975673676 1986
1743443457630 -1.5955291801691056 1987
1743443463019 -1.7776387910544873 1988
1743443468306 -1.851781826466322 1989
1743443473569 -1.5686182104796171 1990
1743443478825 -1.6214907197654247 1991
1743443483969 -1.651435035765171 1992
1743443489362 -1.8424836242198943 1993
1743443489936 -1.8371574887633324 1994
1743443495297 -1.6315362517535688 1995
1743443495883 -1.6324472884833812 1996
1743443501151 -1.807667441815138 1997
1743443506485 -1.5787831044197083 1998
1743443507234 -1.5882229685783387 1999
1743443512660 -1.4569848001003265 2000
1743443517876 -1.5437590405344963 2001
1743443523370 -1.5253307161107659 2002
1743443528613 -1.5731646582484244 2003
1743443533904 -1.4162049700319768 2004
1743443539366 -1.711198801547289 2005
1743443544493 -1.5102305091917514 2006
1743443549940 -1.8893478941917419 2007
1743443555312 -2.0454627272486685 2008
1743443560538 -1.865348454117775 2009
1743443565926 -2.0960757134854795 2010
1743443571221 -1.9997337210923434 2011
1743443576275 -2.1753770130872727 2012
1743443581338 -2.0939395809173584 2013
1743443586857 -2.1380896235257385 2014
1743443592177 -2.110428939163685 2015
1743443597310 -2.017437211126089 2016
1743443602682 -2.1314822202920913 2017
1743443608084 -2.090057832673192 2018
1743443613268 -2.103767998665571 2019
1743443618548 -2.213082420527935 2020
1743443624081 -2.1579772245883944 2021
1743443629394 -2.226891052573919 2022
1743443634759 -2.2672254699468612 2023
1743443640023 -2.1489952223002913 2024
1743443645175 -2.481993027627468 2025
1743443650688 -1.954580974429846 2026
1743443655813 -1.9696078526973724 2027
1743443661030 -2.3329675048589706 2028
1743443661607 -2.3585091823339464 2029
1743443666702 -2.2646929688751696 2030
1743443671907 -2.4265251922607423 2031
1743443677104 -2.4689353711903097 2032
1743443682118 -2.535489847064018 2033
1743443687017 -2.9485096299648283 2034
1743443692616 -2.7633066058158873 2035
1743443697760 -2.8536529943346975 2036
1743443703171 -2.811000565588474 2037
1743443708555 -3.059310459494591 2038
1743443713732 -3.246917499601841 2039
1743443718915 -3.0759891295433044 2040
1743443720625 -3.076343621015549 2041
1743443726008 -2.8567847844958307 2042
1743443726587 -2.8325227710604666 2043
1743443731687 -3.1455812242627146 2044
1743443736799 -3.2751031565666198 2045
1743443741944 -3.3230187337100507 2046
1743443747107 -3.27476717710495 2047
1743443752466 -2.967600100338459 2048
1743443757551 -3.512336211800575 2049
1743443762910 -3.4415118247270584 2050
1743443767959 -3.581779043674469 2051
1743443769546 -3.6322854191064833 2052
1743443774593 -3.8652494087815286 2053
1743443779678 -3.691640625 2054
1743443785099 -3.820957281589508 2055
1743443790109 -4.037570435404778 2056
1743443791776 -3.9989199203252794 2057
1743443797003 -4.229532422423363 2058
1743443802314 -4.3422166383266445 2059
1743443807523 -4.803736822903156 2060
1743443812636 -4.694549562335014 2061
1743443817765 -4.727371135354042 2062
1743443823158 -4.846431288719177 2063
1743443828565 -5.187476011514664 2064
1743443830742 -5.194927643537522 2065
1743443835790 -5.23657222867012 2066
1743443836364 -5.243184195756912 2067
1743443841463 -5.100450710058213 2068
1743443846753 -5.1304718935489655 2069
1743443852210 -5.520962755680085 2070
1743443857478 -5.152691391408443 2071
1743443862712 -5.272548958063125 2072
1743443868190 -5.2963791954517365 2073
1743443873548 -5.4265460479259495 2074
1743443878886 -5.189097400307656 2075
1743443879455 -5.203679142594337 2076
1743443884841 -5.794666285514832 2077
1743443885406 -5.849952449798584 2078
1743443890670 -5.485664306879044 2079
1743443892616 -5.607736134529114 2080
1743443897806 -5.649837566614151 2081
1743443902925 -5.627078745365143 2082
1743443904623 -5.56578162908554 2083
1743443909782 -5.938158806562424 2084
1743443915309 -6.098981931209564 2085
1743443920509 -5.451604585051537 2086
1743443925728 -5.981111052036286 2087
1743443931041 -5.827767488956451 2088
1743443936271 -5.61804690361023 2089
1743443941712 -6.186047965288163 2090
1743443947004 -6.040444190502167 2091
1743443952031 -6.244230773448944 2092
1743443957174 -6.263203096389771 2093
1743443962188 -6.170604903101921 2094
1743443967349 -6.051072494983673 2095
1743443972425 -6.063628470897674 2096
1743443977711 -6.192753491401672 2097
1743443983076 -6.646614797115326 2098
1743443988459 -6.627907602787018 2099
1743443993714 -6.348097676634788 2100
1743443998919 -6.739074418544769 2101
1743444004047 -6.743706767559051 2102
1743444005664 -6.829072477817536 2103
1743444010726 -7.3642382502555845 2104
1743444015906 -7.439543745517731 2105
1743444021123 -7.11860892534256 2106
1743444021956 -7.073989908695221 2107
1743444027199 -7.785731942653656 2108
1743444032321 -7.994264988899231 2109
1743444037515 -8.052576344013215 2110
1743444042977 -7.467518954277039 2111
1743444048357 -7.745249464511871 2112
1743444053384 -8.334491410255431 2113
1743444058527 -8.271196932792664 2114
1743444063752 -8.77949329137802 2115
1743444065972 -8.943491096496581 2116
1743444071194 -8.247495007514953 2117
1743444076237 -8.80248230457306 2118
1743444081758 -8.625735070705414 2119
1743444087099 -8.625973837375641 2120
1743444092346 -8.930843403339386 2121
1743444097421 -8.896256201267242 2122
1743444102580 -9.662037687301636 2123
1743444107712 -9.912078576087952 2124
1743444112986 -9.97318950176239 2125
1743444118535 -10.056571788787842 2126
1743444123733 -10.961525259017945 2127
1743444128796 -10.862720806598663 2128
1743444133934 -11.359600410461425 2129
1743444139035 -11.662410488128662 2130
1743444144076 -11.335415349006652 2131
1743444149376 -11.782343535423278 2132
1743444154926 -11.3245059299469 2133
1743444160131 -11.458667240142823 2134
1743444165436 -12.849270367622376 2135
1743444170693 -11.429909439086915 2136
1743444175726 -11.733085613250733 2137
1743444180859 -12.296526436805726 2138
1743444184284 -12.472077436447144 2139
1743444189340 -12.15419261932373 2140
1743444191262 -11.891691842079162 2141
1743444196473 -12.696718769073486 2142
1743444201725 -12.838710107803344 2143
1743444207118 -12.717185354232788 2144
1743444212111 -13.348530349731446 2145
1743444214008 -13.411385669708253 2146
1743444219331 -13.354318962097167 2147
1743444224393 -14.00371720790863 2148
1743444229565 -14.286625595092774 2149
1743444234612 -13.832644772529601 2150
1743444239660 -14.06558750152588 2151
1743444244893 -14.156092042922973 2152
1743444250138 -14.167610058784485 2153
1743444255365 -15.031652040481568 2154
1743444260480 -14.472562680244446 2155
1743444265514 -14.952223901748658 2156
1743444270429 -15.146070022583007 2157
1743444271003 -15.160113639831543 2158
1743444276262 -16.071445770263672 2159
1743444281527 -16.05534592628479 2160
1743444282258 -16.004023427963258 2161
1743444287382 -15.71762300491333 2162
1743444292604 -15.91495656967163 2163
1743444297694 -15.61375072002411 2164
1743444302991 -15.847895770072936 2165
1743444308021 -16.17977895259857 2166
1743444313242 -16.24450890541077 2167
1743444318417 -16.522746562957764 2168
1743444320256 -16.99210720062256 2169
1743444325420 -16.765194568634033 2170
1743444330503 -17.340374150276183 2171
1743444335628 -17.6236363697052 2172
1743444340851 -17.50580726623535 2173
1743444346196 -17.872553815841673 2174
1743444351622 -18.12242458343506 2175
1743444352204 -18.209984712600708 2176
1743444357336 -17.918447465896605 2177
1743444362527 -18.231675338745116 2178
1743444367875 -18.539385805130006 2179
1743444373247 -18.417186069488526 2180
1743444373896 -18.531407651901244 2181
1743444379171 -19.219431924819947 2182
1743444384218 -19.137561645507812 2183
1743444389481 -19.930369682312012 2184
1743444394752 -20.03171329498291 2185
1743444399892 -20.639461336135863 2186
1743444405071 -20.167926683425904 2187
1743444410301 -20.14112826347351 2188
1743444415570 -21.294650030136108 2189
1743444420679 -21.227700309753416 2190
1743444425862 -21.646377277374267 2191
1743444430981 -21.347042350769044 2192
1743444436250 -21.512830181121828 2193
1743444441381 -21.045515184402465 2194
1743444442098 -21.02382477760315 2195
1743444447231 -21.632524557113648 2196
1743444452614 -21.067940130233765 2197
1743444457624 -21.565935759544374 2198
1743444462614 -21.7026748752594 2199
1743444465152 -21.561603384017943 2200
1743444470257 -21.7594460105896 2201
1743444475488 -22.25302664756775 2202
1743444480751 -23.45476616859436 2203
1743444486004 -21.827867021560667 2204
1743444491007 -23.08281276702881 2205
1743444496276 -23.036955785751342 2206
1743444501420 -23.082778530120848 2207
1743444506618 -23.01653308868408 2208
1743444511801 -23.479358959198 2209
1743444517378 -23.845446586608887 2210
1743444522371 -23.85509847640991 2211
1743444527691 -23.74239743232727 2212
1743444532898 -24.49028964996338 2213
1743444538218 -22.99522500991821 2214
1743444543530 -23.676762189865112 2215
1743444548721 -23.698683948516845 2216
1743444554080 -24.064093914031982 2217
1743444554658 -24.02597894668579 2218
1743444559839 -24.10358428955078 2219
1743444564940 -24.617641553878784 2220
1743444570051 -24.733508529663087 2221
1743444575290 -25.770235748291014 2222
1743444580632 -25.834770050048828 2223
1743444585807 -25.639486179351806 2224
1743444591090 -25.57853412628174 2225
1743444596367 -25.782260189056398 2226
1743444598941 -25.376461296081544 2227
1743444604143 -25.57631211280823 2228
1743444609334 -25.765881881713867 2229
1743444614498 -25.859781255722044 2230
1743444619908 -25.51280637741089 2231
1743444625146 -26.935492219924928 2232
1743444630650 -26.17960121154785 2233
1743444635996 -26.92514513015747 2234
1743444641076 -27.076268615722658 2235
1743444646289 -26.222799072265627 2236
1743444651583 -27.30327215194702 2237
1743444656795 -27.729791440963744 2238
1743444662285 -27.09744092941284 2239
1743444662863 -27.153443450927735 2240
1743444668071 -27.28370948791504 2241
1743444673140 -27.937416515350343 2242
1743444678389 -27.355577869415285 2243
1743444683367 -27.580904455184935 2244
1743444688587 -27.65512689590454 2245
1743444693912 -28.230437717437745 2246
1743444699464 -28.144725093841554 2247
1743444704950 -29.064710578918458 2248
1743444710361 -28.877955074310304 2249
1743444715798 -28.224361534118653 2250
1743444721046 -28.803834161758424 2251
1743444726564 -29.68716344833374 2252
1743444728977 -29.258888149261473 2253
1743444734272 -29.479854259490967 2254
1743444734847 -29.490900745391844 2255
1743444739949 -29.324605541229246 2256
1743444745115 -31.450773239135742 2257
1743444750160 -30.77812726974487 2258
1743444755593 -29.61513641357422 2259
1743444761077 -31.397337875366212 2260
1743444766239 -30.747915592193603 2261
1743444771532 -31.769825706481935 2262
1743444776762 -31.37070203781128 2263
1743444777349 -31.471494274139403 2264
1743444782495 -31.444877071380617 2265
1743444787868 -32.187691879272464 2266
1743444792948 -30.818527965545655 2267
1743444798164 -31.512085876464845 2268
1743444803395 -31.37633602142334 2269
1743444808494 -31.514627170562743 2270
1743444813787 -31.241653785705566 2271
1743444819093 -31.331421661376954 2272
1743444824674 -31.85615821838379 2273
1743444825258 -31.845300979614258 2274
1743444830534 -32.235097045898435 2275
1743444835901 -32.92230722427368 2276
1743444840998 -34.03737989425659 2277
1743444842768 -34.18938320159912 2278
1743444848162 -32.895989875793454 2279
1743444853341 -31.992453498840334 2280
1743444858661 -33.35363229751587 2281
1743444863903 -32.16094861984253 2282
1743444869090 -32.393677711486816 2283
1743444874446 -33.44876691818237 2284
1743444879426 -33.20330095291138 2285
1743444884677 -32.71568454742432 2286
1743444890100 -34.10819519042969 2287
1743444895240 -33.726051807403564 2288
1743444900352 -34.25064779281616 2289
1743444905510 -34.326802501678465 2290
1743444910663 -34.906677055358884 2291
1743444915725 -36.00871759414673 2292
1743444920931 -35.46462316513062 2293
1743444926250 -34.77077796936035 2294
1743444931591 -34.81287715911865 2295
1743444936814 -35.519486045837404 2296
1743444942147 -35.66440334320068 2297
1743444947219 -34.97903463363647 2298
1743444952549 -36.39586954116821 2299
1743444958127 -37.709397602081296 2300
1743444963599 -37.12624349594116 2301
1743444968642 -36.991852607727054 2302
1743444971527 -37.36737239837647 2303
1743444976732 -38.37239276885986 2304
1743444982046 -37.352653369903564 2305
1743444987104 -37.627282772064206 2306
1743444992364 -37.768524703979494 2307
1743444997435 -38.604649963378904 2308
1743445002726 -39.72453130722046 2309
1743445007860 -40.29896751403808 2310
1743445012938 -40.83350099563599 2311
1743445013511 -40.729684600830076 2312
1743445015085 -41.026490669250485 2313
1743445020263 -42.3841296005249 2314
1743445025568 -42.09744110107422 2315
1743445030764 -42.05659725189209 2316
1743445035844 -42.96730884552002 2317
1743445041091 -43.11321838378906 2318
1743445046140 -42.66591583251953 2319
1743445052433 -42.62759674072266 2320
1743445057584 -43.90184087753296 2321
1743445063050 -42.25780185699463 2322
1743445068232 -43.23690366744995 2323
1743445073408 -43.69950061798096 2324
1743445078415 -44.96162857055664 2325
1743445083718 -45.9686616897583 2326
1743445088861 -44.959258499145506 2327
1743445093895 -45.48753828048706 2328
1743445099319 -44.721212787628176 2329
1743445104568 -45.23156661987305 2330
1743445109539 -45.59529232025147 2331
1743445114733 -45.30446083068848 2332
1743445119966 -45.33486240386963 2333
1743445125100 -46.790430603027346 2334
1743445130517 -46.73828590393067 2335
1743445135560 -46.45458831787109 2336
1743445140788 -46.13850923538208 2337
1743445146151 -47.658385276794434 2338
1743445151368 -46.89977054595947 2339
1743445156439 -48.13372455596924 2340
1743445161650 -46.851242504119874 2341
1743445166739 -49.600425262451175 2342
1743445172157 -48.29686977386475 2343
1743445177796 -48.846217193603515 2344
1743445183064 -47.81112422943115 2345
1743445188348 -49.07346899032593 2346
1743445193834 -49.5144694519043 2347
1743445199007 -50.149490661621094 2348
1743445204224 -50.91666961669922 2349
1743445209676 -51.342222633361814 2350
1743445214927 -51.698404464721676 2351
1743445220432 -50.738995742797854 2352
1743445225744 -49.965073051452634 2353
1743445231012 -51.63010223388672 2354
1743445236305 -52.26588165283203 2355
1743445241684 -53.819462585449216 2356
1743445247185 -53.19804233551025 2357
1743445252424 -54.82956809997559 2358
1743445257499 -53.907839431762696 2359
1743445262771 -53.4693883895874 2360
1743445268128 -54.28438247680664 2361
1743445273543 -55.296629104614254 2362
1743445278898 -55.57872047424316 2363
1743445284075 -55.6771118927002 2364
1743445289401 -56.5150154876709 2365
1743445289979 -56.605695457458495 2366
1743445295166 -56.700492515563965 2367
1743445300346 -55.34480358123779 2368
1743445305646 -56.542882766723636 2369
1743445310816 -58.849716606140134 2370
1743445316226 -59.12224323272705 2371
1743445321373 -59.40465366363525 2372
1743445326636 -59.57842365264892 2373
1743445331778 -59.71027320861816 2374
1743445337048 -62.4048946762085 2375
1743445342260 -61.11175708770752 2376
1743445347379 -62.92370895385742 2377
1743445352837 -62.28196716308594 2378
1743445357922 -63.21043155670166 2379
1743445362989 -64.70138256072998 2380
1743445368062 -65.32942691802978 2381
1743445373172 -65.39926998138428 2382
1743445378267 -66.61545272827148 2383
1743445383326 -67.92350158691406 2384
1743445388624 -68.39869422912598 2385
1743445393697 -67.17160987854004 2386
1743445398937 -69.20954231262208 2387
1743445404335 -71.1897741317749 2388
1743445409408 -70.85265575408935 2389
1743445414597 -73.4077084350586 2390
1743445419849 -71.93284275054931 2391
1743445424992 -72.72454307556153 2392
1743445430261 -74.50770973205566 2393
1743445435442 -74.48299953460693 2394
1743445440719 -76.0958618927002 2395
1743445446147 -77.46984268188477 2396
1743445451475 -77.34533611297607 2397
1743445456606 -79.1520722579956 2398
1743445462176 -78.69246047973633 2399
1743445462759 -78.60785186767578 2400
1743445468142 -78.76389350891114 2401
1743445473415 -78.95666702270508 2402
1743445478526 -79.98909412384033 2403
1743445483666 -79.36575748443603 2404
1743445488713 -80.31813819885254 2405
1743445493952 -81.56901405334473 2406
1743445499205 -82.20143878936767 2407
1743445504283 -81.24491706848144 2408
1743445506607 -81.77998138427735 2409
1743445511677 -82.53170639038086 2410
1743445513649 -83.39873062133789 2411
1743445518871 -83.57204345703126 2412
1743445524139 -82.77406162261963 2413
1743445529282 -86.43941291809082 2414
1743445534603 -85.0635708618164 2415
1743445540134 -86.17072898864745 2416
1743445546454 -84.31972328186035 2417
1743445551889 -87.30833656311034 2418
1743445557413 -86.75611099243164 2419
1743445562599 -86.56745887756348 2420
1743445567861 -87.55387756347656 2421
1743445573075 -88.25871768951416 2422
1743445578363 -90.6193618774414 2423
1743445578956 -90.55183372497558 2424
1743445584166 -90.98836681365967 2425
1743445589553 -91.02563915252685 2426
1743445594758 -92.94003299713135 2427
1743445599981 -91.0232448196411 2428
1743445605196 -92.61535980224609 2429
1743445610466 -90.31428627014161 2430
1743445615643 -90.01202255249024 2431
1743445620705 -93.62965614318847 2432
1743445626198 -94.89288787841797 2433
1743445631384 -94.77856323242187 2434
1743445636861 -95.85925804138184 2435
1743445642200 -95.29500038146972 2436
1743445647506 -97.4757472229004 2437
1743445652974 -99.42375442504883 2438
1743445658161 -98.31870506286621 2439
1743445663316 -96.85642555236817 2440
1743445668655 -98.90766456604004 2441
1743445674265 -100.16322944641114 2442
1743445679352 -99.0045085144043 2443
1743445684548 -100.37074378967286 2444
1743445689585 -100.08537124633789 2445
1743445694657 -100.05207855224609 2446
1743445700158 -102.47665069580079 2447
1743445705352 -100.97270286560058 2448
1743445710519 -102.31118438720704 2449
1743445715788 -101.43002632141113 2450
1743445716372 -101.58552009582519 2451
1743445716953 -101.45888084411621 2452
1743445722156 -102.15300506591797 2453
1743445727183 -104.01864479064942 2454
1743445732716 -103.48725914001464 2455
1743445738023 -105.44494911193847 2456
1743445743085 -106.01830780029297 2457
1743445748274 -105.26137435913085 2458
1743445753318 -109.37511985778809 2459
1743445758576 -107.23037673950195 2460
1743445763719 -106.81715606689453 2461
1743445769250 -109.95349212646484 2462
1743445774441 -107.77303977966308 2463
1743445779561 -109.52296279907226 2464
1743445784860 -109.43256095886231 2465
1743445790135 -111.64124450683593 2466
1743445795452 -109.38602058410645 2467
1743445800653 -111.54748779296875 2468
1743445806085 -109.85541374206542 2469
1743445811394 -112.04562889099121 2470
1743445816480 -114.48508003234863 2471
1743445821667 -114.53793281555176 2472
1743445823847 -114.1500658416748 2473
1743445828936 -115.24330696105957 2474
1743445834376 -115.81867851257324 2475
1743445839664 -118.33033599853516 2476
1743445845053 -120.9284260559082 2477
1743445850286 -118.31870979309082 2478
1743445855531 -118.58397193908691 2479
1743445860763 -121.76692390441895 2480
1743445866022 -119.80879409790039 2481
1743445871150 -120.5576821899414 2482
1743445871877 -120.25502952575684 2483
1743445877230 -121.24863983154297 2484
1743445882815 -123.10577987670898 2485
1743445888095 -126.09581123352051 2486
1743445893256 -125.54282539367676 2487
1743445898278 -125.63935089111328 2488
1743445903389 -128.3804786682129 2489
1743445904134 -128.31855590820314 2490
1743445909609 -131.12304611206054 2491
1743445915179 -133.68864540100097 2492
1743445921026 -129.99117408752443 2493
