1743431795118 0.0 0
1743431799633 0.0 1
1743431804166 0.0 2
1743431808563 0.0 3
1743431812970 0.0 4
1743431817247 0.0 5
1743431822300 0.0 6
1743431828686 0.0 7
1743431834866 0.0 8
1743431841756 0.0 9
1743431848734 0.0 10
1743431855198 0.0 11
1743431861851 0.0 12
1743431862445 0.07142857142857142 13
1743431869156 0.06666666666666667 14
1743431876234 0.0625 15
1743431882533 0.058823529411764705 16
1743431883109 0.1111111111111111 17
1743431884379 0.15789473684210525 18
1743431891148 0.15 19
1743431897701 0.14285714285714285 20
1743431904524 0.13636363636363635 21
1743431910948 0.13043478260869565 22
1743431917945 0.125 23
1743431924743 0.12 24
1743431931448 0.11538461538461539 25
1743431938076 0.1111111111111111 26
1743431945135 0.10714285714285714 27
1743431945721 0.13793103448275862 28
1743431952091 0.13333333333333333 29
1743431958657 0.12903225806451613 30
1743431965223 0.125 31
1743431971842 0.12121212121212122 32
1743431979168 0.11764705882352941 33
1743431986216 0.11428571428571428 34
1743431993152 0.1111111111111111 35
1743432000557 0.10810810810810811 36
1743432007591 0.10526315789473684 37
1743432013767 0.10256410256410256 38
1743432020050 0.1 39
1743432027262 0.0975609756097561 40
1743432034188 0.09523809523809523 41
1743432040666 0.09302325581395349 42
1743432047851 0.09090909090909091 43
1743432054595 0.08888888888888889 44
1743432061949 0.08695652173913043 45
1743432068754 0.0851063829787234 46
1743432075492 0.08333333333333333 47
1743432082588 0.08163265306122448 48
1743432089345 0.08 49
1743432095933 0.0784313725490196 50
1743432103198 0.07692307692307693 51
1743432110141 0.07547169811320754 52
1743432116585 0.07407407407407407 53
1743432123278 0.07272727272727272 54
1743432130074 0.07142857142857142 55
1743432136916 0.07017543859649122 56
1743432143815 0.06896551724137931 57
1743432150681 0.06779661016949153 58
1743432157509 0.06666666666666667 59
1743432164265 0.06557377049180328 60
1743432171123 0.06451612903225806 61
1743432177748 0.06349206349206349 62
1743432184274 0.0625 63
1743432191184 0.06153846153846154 64
1743432198031 0.06060606060606061 65
1743432204737 0.05970149253731343 66
1743432211276 0.058823529411764705 67
1743432217895 0.057971014492753624 68
1743432224733 0.05714285714285714 69
1743432231426 0.056338028169014086 70
1743432238312 0.05555555555555555 71
1743432245026 0.0547945205479452 72
1743432251692 0.05405405405405406 73
1743432258223 0.05333333333333334 74
1743432265263 0.05263157894736842 75
1743432271960 0.05194805194805195 76
1743432278907 0.05128205128205128 77
1743432285653 0.05063291139240506 78
1743432292634 0.05 79
1743432299526 0.04938271604938271 80
1743432306775 0.04878048780487805 81
1743432313527 0.04819277108433735 82
1743432320735 0.047619047619047616 83
1743432327905 0.047058823529411764 84
1743432334991 0.046511627906976744 85
1743432341091 0.04597701149425287 86
1743432347982 0.045454545454545456 87
1743432354849 0.0449438202247191 88
1743432361676 0.044444444444444446 89
1743432368579 0.04395604395604396 90
1743432375322 0.043478260869565216 91
1743432382003 0.043010752688172046 92
1743432382687 0.05319148936170213 93
1743432389287 0.05263157894736842 94
1743432395398 0.052083333333333336 95
1743432401937 0.05154639175257732 96
1743432408554 0.05102040816326531 97
1743432415110 0.050505050505050504 98
1743432422235 0.05 99
1743432424233 0.06 100
1743432431236 0.06 101
1743432438002 0.06 102
1743432444475 0.06 103
1743432451165 0.06 104
1743432457898 0.06 105
1743432464624 0.06 106
1743432471809 0.06 107
1743432479015 0.06 108
1743432485771 0.06 109
1743432492182 0.06 110
1743432498435 0.06 111
1743432505257 0.06 112
1743432512286 0.05 113
1743432519977 0.05 114
1743432527112 0.05 115
1743432534069 0.05 116
1743432536135 0.04 117
1743432542478 0.03 118
1743432549521 0.03 119
1743432555994 0.03 120
1743432562506 0.03 121
1743432569586 0.03 122
1743432577571 0.03 123
1743432585095 0.03 124
1743432591983 0.03 125
1743432599620 0.03 126
1743432605807 0.03 127
1743432612519 0.02 128
1743432619365 0.02 129
1743432626071 0.02 130
1743432632608 0.02 131
1743432639334 0.02 132
1743432645758 0.02 133
1743432652139 0.02 134
1743432658879 0.02 135
1743432665302 0.02 136
1743432672191 0.02 137
1743432678704 0.02 138
1743432685261 0.02 139
1743432691663 0.02 140
1743432699007 0.02 141
1743432705591 0.02 142
1743432712304 0.02 143
1743432719261 0.02 144
1743432725987 0.02 145
1743432732896 0.02 146
1743432739395 0.02 147
1743432745901 0.02 148
1743432752208 0.02 149
1743432758423 0.02 150
1743432764686 0.02 151
1743432767005 0.02 152
1743432773879 0.02 153
1743432780890 0.02 154
1743432781465 0.03 155
1743432782476 0.04 156
1743432789025 0.04 157
1743432795518 0.04 158
1743432802459 0.04 159
1743432809111 0.04 160
1743432815814 0.04 161
1743432822290 0.04 162
1743432828817 0.04 163
1743432835180 0.04 164
1743432842087 0.04 165
1743432848813 0.04 166
1743432855498 0.04 167
1743432862316 0.04 168
1743432868864 0.04 169
1743432875644 0.04 170
1743432882332 0.04 171
1743432889326 0.04 172
1743432895902 0.04 173
1743432902439 0.04 174
1743432908993 0.04 175
1743432915437 0.04 176
1743432921641 0.04 177
1743432928285 0.04 178
1743432934839 0.04 179
1743432940955 0.04 180
1743432947817 0.04 181
1743432954064 0.04 182
1743432960416 0.04 183
1743432962373 0.04 184
1743432969154 0.04 185
1743432975835 0.04 186
1743432982241 0.04 187
1743432988770 0.04 188
1743432995331 0.04 189
1743433002172 0.04 190
1743433008831 0.04 191
1743433014975 0.04 192
1743433021680 0.03 193
1743433028000 0.03 194
1743433034694 0.03 195
1743433041846 0.03 196
1743433042416 0.04 197
1743433048992 0.04 198
1743433050888 0.04 199
1743433057451 0.03 200
1743433064134 0.03 201
1743433070775 0.03 202
1743433074656 0.03 203
1743433080994 0.03 204
1743433081584 0.04 205
1743433088283 0.04 206
1743433095006 0.04 207
1743433096887 0.04 208
1743433103481 0.04 209
1743433109733 0.04 210
1743433116232 0.04 211
1743433122824 0.04 212
1743433129316 0.04 213
1743433129898 0.05 214
1743433136608 0.05 215
1743433142911 0.05 216
1743433144775 0.05 217
1743433151460 0.05 218
1743433157798 0.05 219
1743433164224 0.05 220
1743433170796 0.05 221
1743433177131 0.05 222
1743433183665 0.05 223
1743433184248 0.06 224
1743433190901 0.06 225
1743433197382 0.06 226
1743433204163 0.06 227
1743433210751 0.06 228
1743433217336 0.06 229
1743433217901 0.07 230
1743433224155 0.07 231
1743433230748 0.07 232
1743433237237 0.07 233
1743433244112 0.07 234
1743433244691 0.08 235
1743433251015 0.08 236
1743433257704 0.08 237
1743433263967 0.08 238
1743433270756 0.08 239
1743433277251 0.08 240
1743433283416 0.08 241
1743433289772 0.08 242
1743433290346 0.09 243
1743433296557 0.09 244
1743433303122 0.09 245
1743433303909 0.1 246
1743433310107 0.1 247
1743433316540 0.1 248
1743433323197 0.1 249
1743433329548 0.1 250
1743433335764 0.1 251
1743433342496 0.1 252
1743433348962 0.1 253
1743433355645 0.1 254
1743433362048 0.09 255
1743433368646 0.08 256
1743433375349 0.08 257
1743433381929 0.08 258
1743433388387 0.08 259
1743433394913 0.08 260
1743433401097 0.08 261
1743433407477 0.08 262
1743433413957 0.08 263
1743433420566 0.08 264
1743433427262 0.08 265
1743433433471 0.08 266
1743433439744 0.08 267
1743433446285 0.08 268
1743433452762 0.08 269
1743433459333 0.08 270
1743433466128 0.08 271
1743433473134 0.08 272
1743433479963 0.08 273
1743433486921 0.08 274
1743433493845 0.08 275
1743433500412 0.08 276
1743433507200 0.08 277
1743433514033 0.08 278
1743433520919 0.08 279
1743433527603 0.08 280
1743433534436 0.08 281
1743433540910 0.08 282
1743433547615 0.08 283
1743433554111 0.08 284
1743433560930 0.08 285
1743433567262 0.08 286
1743433574093 0.08 287
1743433581025 0.08 288
1743433588108 0.08 289
1743433595003 0.08 290
1743433596027 0.09 291
1743433602812 0.09 292
1743433609547 0.09 293
1743433616544 0.09 294
1743433623313 0.09 295
1743433630002 0.09 296
1743433630580 0.09 297
1743433636935 0.09 298
1743433643366 0.09 299
1743433649955 0.09 300
1743433656536 0.09 301
1743433663166 0.09 302
1743433669743 0.09 303
1743433676116 0.09 304
1743433682753 0.08 305
1743433683331 0.09 306
1743433689619 0.09 307
1743433696318 0.09 308
1743433702775 0.09 309
1743433709503 0.09 310
1743433712292 0.09 311
1743433719266 0.09 312
1743433725959 0.09 313
1743433732697 0.08 314
1743433739102 0.08 315
1743433740128 0.09 316
1743433740715 0.1 317
1743433747121 0.1 318
1743433753722 0.1 319
1743433760139 0.1 320
1743433766823 0.1 321
1743433773165 0.1 322
1743433779432 0.1 323
1743433786142 0.09 324
1743433792274 0.09 325
1743433798598 0.09 326
1743433805628 0.09 327
1743433812202 0.09 328
1743433818631 0.09 329
1743433825268 0.08 330
1743433832005 0.08 331
1743433832587 0.09 332
1743433839350 0.09 333
1743433846039 0.09 334
1743433852596 0.08 335
1743433859358 0.08 336
1743433865843 0.08 337
1743433872704 0.08 338
1743433879247 0.08 339
1743433879926 0.09 340
1743433886572 0.09 341
1743433892667 0.09 342
1743433899342 0.08 343
1743433906221 0.08 344
1743433912930 0.08 345
1743433913509 0.08 346
1743433920167 0.08 347
1743433926657 0.08 348
1743433933363 0.08 349
1743433940109 0.08 350
1743433946855 0.08 351
1743433953211 0.08 352
1743433960145 0.08 353
1743433967017 0.08 354
1743433973394 0.08 355
1743433979994 0.08 356
1743433986717 0.08 357
1743433992944 0.08 358
1743433999547 0.08 359
1743434006514 0.08 360
1743434013315 0.08 361
1743434020085 0.08 362
1743434026868 0.08 363
1743434027456 0.09 364
1743434034055 0.09 365
1743434040837 0.09 366
1743434047265 0.09 367
1743434053859 0.09 368
1743434060306 0.09 369
1743434066823 0.09 370
1743434070596 0.09 371
1743434077882 0.09 372
1743434084998 0.09 373
1743434091818 0.09 374
1743434098640 0.09 375
1743434105367 0.09 376
1743434111989 0.09 377
1743434118461 0.09 378
1743434125237 0.09 379
1743434131974 0.09 380
1743434138426 0.09 381
1743434145042 0.09 382
1743434151321 0.09 383
1743434151896 0.1 384
1743434154003 0.1 385
1743434161097 0.1 386
1743434167724 0.1 387
1743434174539 0.1 388
1743434181109 0.1 389
1743434187533 0.1 390
1743434193876 0.09 391
1743434200744 0.09 392
1743434201323 0.1 393
1743434207949 0.1 394
1743434214923 0.1 395
1743434221642 0.1 396
1743434228337 0.09 397
1743434235410 0.09 398
1743434242295 0.09 399
1743434249212 0.09 400
1743434255909 0.09 401
1743434262685 0.09 402
1743434269292 0.09 403
1743434275974 0.09 404
1743434283296 0.09 405
1743434290008 0.08 406
1743434296965 0.08 407
1743434303690 0.08 408
1743434310547 0.08 409
1743434317526 0.08 410
1743434324528 0.08 411
1743434331063 0.08 412
1743434337484 0.08 413
1743434344441 0.08 414
1743434350852 0.08 415
1743434357392 0.07 416
1743434363849 0.06 417
1743434370408 0.06 418
1743434377010 0.06 419
1743434383295 0.06 420
1743434389968 0.06 421
1743434396408 0.06 422
1743434402772 0.06 423
1743434409191 0.06 424
1743434409915 0.07 425
1743434416552 0.07 426
1743434423161 0.07 427
1743434429771 0.07 428
1743434436356 0.07 429
1743434436937 0.08 430
1743434443421 0.08 431
1743434450174 0.07 432
1743434456939 0.07 433
1743434463627 0.07 434
1743434470253 0.07 435
1743434470841 0.08 436
1743434477300 0.08 437
1743434484131 0.08 438
1743434491091 0.08 439
1743434491675 0.08 440
1743434498266 0.08 441
1743434504975 0.08 442
1743434511479 0.08 443
1743434517942 0.08 444
1743434524530 0.08 445
1743434531113 0.07 446
1743434538068 0.07 447
1743434544289 0.07 448
1743434550672 0.07 449
1743434557147 0.07 450
1743434563534 0.07 451
1743434570167 0.07 452
1743434576828 0.07 453
1743434583458 0.07 454
1743434590250 0.07 455
1743434597036 0.07 456
1743434603753 0.07 457
1743434610175 0.07 458
1743434616874 0.07 459
1743434623442 0.07 460
1743434629650 0.07 461
1743434635868 0.07 462
1743434638133 0.07 463
1743434644406 0.06 464
1743434650970 0.06 465
1743434657461 0.06 466
1743434663965 0.06 467
1743434670515 0.06 468
1743434676663 0.06 469
1743434682561 0.06 470
1743434688765 0.06 471
1743434695385 0.06 472
1743434702223 0.06 473
1743434708742 0.06 474
1743434715506 0.06 475
1743434721903 0.06 476
1743434728741 0.06 477
1743434735329 0.06 478
1743434742212 0.06 479
1743434749199 0.06 480
1743434755583 0.06 481
1743434762258 0.06 482
1743434768641 0.06 483
1743434775389 0.05 484
1743434781844 0.05 485
1743434788735 0.05 486
1743434795799 0.05 487
1743434796391 0.06 488
1743434803884 0.06 489
1743434810770 0.06 490
1743434818061 0.06 491
1743434824930 0.06 492
1743434832237 0.05 493
1743434839487 0.05 494
1743434846615 0.05 495
1743434853335 0.05 496
1743434859391 0.05 497
1743434865164 0.05 498
1743434871511 0.05 499
1743434877620 0.05 500
1743434883881 0.05 501
1743434889996 0.05 502
1743434895985 0.05 503
1743434902692 0.05 504
1743434908829 0.05 505
1743434909511 0.06 506
1743434915705 0.06 507
1743434921803 0.06 508
1743434927532 0.06 509
1743434933695 0.06 510
1743434939641 0.06 511
1743434945766 0.06 512
1743434947869 0.06 513
1743434953971 0.06 514
1743434956073 0.06 515
1743434962057 0.06 516
1743434962622 0.07 517
1743434968676 0.07 518
1743434974829 0.07 519
1743434980787 0.07 520
1743434986614 0.07 521
1743434992544 0.07 522
1743434998300 0.07 523
1743435004031 0.07 524
1743435009906 0.06 525
1743435016016 0.06 526
1743435021881 0.06 527
1743435027647 0.06 528
1743435033231 0.06 529
1743435039167 0.05 530
1743435045021 0.05 531
1743435050930 0.05 532
1743435057272 0.05 533
1743435063220 0.05 534
1743435069255 0.05 535
1743435075413 0.04 536
1743435081417 0.04 537
1743435081989 0.05 538
1743435088076 0.05 539
1743435093908 0.04 540
1743435094477 0.05 541
1743435100519 0.05 542
1743435106629 0.05 543
1743435112735 0.05 544
1743435114400 0.05 545
1743435120385 0.05 546
1743435122003 0.05 547
1743435127918 0.05 548
1743435133934 0.05 549
1743435139982 0.05 550
1743435145906 0.05 551
1743435146475 0.06 552
1743435152437 0.06 553
1743435158117 0.06 554
1743435163860 0.06 555
1743435169543 0.06 556
1743435174688 0.06 557
1743435179821 0.06 558
1743435184894 0.06 559
1743435190256 0.06 560
1743435195493 0.06 561
1743435200861 0.06 562
1743435201413 0.07 563
1743435206813 0.07 564
1743435212156 0.07 565
1743435217301 0.07 566
1743435222942 0.07 567
1743435228416 0.07 568
1743435235596 0.07 569
1743435243378 0.07 570
1743435250295 0.07 571
1743435257438 0.07 572
1743435264441 0.07 573
1743435271587 0.07 574
1743435278355 0.07 575
1743435285109 0.07 576
1743435291985 0.07 577
1743435293757 0.07 578
1743435300804 0.07 579
1743435307933 0.07 580
1743435314960 0.07 581
1743435322015 0.07 582
1743435323899 0.07 583
1743435331223 0.07 584
1743435339271 0.07 585
1743435346436 0.07 586
1743435353285 0.07 587
1743435353876 0.07 588
1743435360676 0.07 589
1743435362462 0.07 590
1743435368999 0.07 591
1743435374905 0.07 592
1743435382063 0.07 593
1743435389581 0.07 594
1743435396447 0.07 595
1743435403329 0.07 596
1743435410007 0.07 597
1743435416999 0.07 598
1743435424001 0.07 599
1743435431575 0.07 600
1743435438591 0.07 601
1743435446240 0.07 602
1743435452886 0.07 603
1743435459789 0.07 604
1743435460362 0.08 605
1743435467099 0.07 606
1743435474243 0.07 607
1743435481285 0.07 608
1743435489278 0.07 609
1743435496014 0.07 610
1743435502875 0.07 611
1743435509831 0.07 612
1743435516549 0.07 613
1743435524199 0.07 614
1743435524786 0.08 615
1743435532129 0.08 616
1743435541129 0.07 617
1743435548137 0.07 618
1743435555541 0.07 619
1743435563140 0.07 620
1743435570901 0.07 621
1743435579069 0.07 622
1743435586127 0.07 623
1743435587935 0.07 624
1743435588522 0.08 625
1743435589097 0.09 626
1743435595327 0.09 627
1743435596051 0.1 628
1743435602803 0.1 629
1743435609800 0.1 630
1743435616451 0.1 631
1743435623419 0.1 632
1743435631388 0.1 633
1743435637918 0.1 634
1743435638514 0.11 635
1743435645371 0.11 636
1743435651818 0.11 637
1743435652401 0.11 638
1743435659219 0.11 639
1743435660061 0.12 640
1743435666573 0.11 641
1743435668830 0.11 642
1743435675329 0.11 643
1743435681899 0.11 644
1743435688575 0.11 645
1743435696424 0.11 646
1743435703877 0.11 647
1743435710746 0.11 648
1743435718540 0.11 649
1743435726328 0.11 650
1743435733645 0.11 651
1743435740488 0.1 652
1743435747327 0.1 653
1743435754191 0.1 654
1743435761850 0.1 655
1743435769438 0.1 656
1743435776884 0.1 657
1743435783825 0.1 658
1743435791937 0.1 659
1743435799171 0.1 660
1743435806202 0.1 661
1743435813017 0.1 662
1743435820548 0.09 663
1743435827466 0.09 664
1743435833684 0.09 665
1743435840358 0.09 666
1743435842124 0.09 667
1743435848786 0.09 668
1743435849777 0.1 669
1743435856915 0.1 670
1743435864140 0.1 671
1743435871081 0.1 672
1743435877594 0.1 673
1743435884901 0.1 674
1743435891720 0.1 675
1743435899014 0.1 676
1743435906039 0.1 677
1743435912800 0.1 678
1743435919763 0.1 679
1743435927028 0.1 680
1743435933929 0.1 681
1743435940762 0.1 682
1743435942908 0.1 683
1743435943497 0.11 684
1743435949923 0.11 685
1743435956450 0.11 686
1743435964279 0.11 687
1743435970891 0.1 688
1743435977326 0.1 689
1743435985007 0.1 690
1743435992200 0.1 691
1743435999309 0.1 692
1743436007070 0.1 693
1743436014294 0.1 694
1743436021139 0.1 695
1743436028958 0.1 696
1743436036561 0.1 697
1743436044138 0.1 698
1743436050922 0.1 699
1743436057650 0.1 700
1743436064654 0.1 701
1743436071360 0.1 702
1743436078313 0.1 703
1743436079079 0.11 704
1743436085852 0.1 705
1743436086440 0.11 706
1743436093055 0.11 707
1743436099697 0.11 708
1743436101681 0.11 709
1743436108269 0.11 710
1743436115538 0.11 711
1743436122562 0.11 712
1743436129519 0.11 713
1743436131342 0.11 714
1743436137879 0.1 715
1743436144800 0.1 716
1743436146644 0.1 717
1743436153440 0.1 718
1743436160044 0.1 719
1743436166682 0.1 720
1743436172959 0.1 721
1743436179394 0.1 722
1743436186132 0.1 723
1743436192805 0.1 724
1743436199413 0.09 725
1743436205850 0.08 726
1743436213196 0.08 727
1743436220035 0.07 728
1743436226793 0.07 729
1743436233159 0.07 730
1743436239730 0.07 731
1743436246544 0.07 732
1743436253553 0.07 733
1743436260189 0.07 734
1743436267050 0.06 735
1743436273594 0.06 736
1743436274329 0.07 737
1743436281450 0.06 738
1743436288051 0.06 739
1743436294560 0.05 740
1743436301801 0.05 741
1743436308691 0.05 742
1743436315523 0.05 743
1743436316117 0.06 744
1743436322935 0.06 745
1743436324827 0.06 746
1743436332119 0.06 747
1743436339545 0.06 748
1743436340144 0.07 749
1743436347156 0.07 750
1743436354442 0.07 751
1743436361655 0.07 752
1743436368750 0.07 753
1743436375611 0.07 754
1743436382655 0.07 755
1743436389457 0.07 756
1743436396440 0.07 757
1743436403423 0.07 758
1743436410517 0.07 759
1743436416900 0.07 760
1743436423476 0.07 761
1743436430471 0.07 762
1743436437305 0.07 763
1743436443912 0.07 764
1743436450325 0.07 765
1743436457018 0.07 766
1743436463617 0.07 767
1743436464341 0.08 768
1743436464935 0.08 769
1743436471615 0.08 770
1743436478271 0.08 771
1743436484917 0.08 772
1743436491510 0.08 773
1743436498276 0.08 774
1743436505321 0.08 775
1743436512084 0.08 776
1743436519265 0.08 777
1743436526403 0.08 778
1743436533494 0.08 779
1743436540456 0.08 780
1743436547861 0.08 781
1743436548455 0.09 782
1743436555021 0.09 783
1743436557205 0.08 784
1743436564090 0.08 785
1743436570240 0.08 786
1743436576468 0.08 787
1743436577055 0.09 788
1743436583932 0.09 789
1743436591409 0.09 790
1743436597916 0.09 791
1743436598531 0.1 792
1743436604927 0.1 793
1743436611435 0.1 794
1743436618296 0.1 795
1743436624985 0.1 796
1743436631709 0.1 797
1743436638233 0.1 798
1743436644622 0.1 799
1743436651780 0.1 800
1743436658348 0.1 801
1743436665546 0.1 802
1743436672521 0.1 803
1743436673134 0.1 804
1743436680180 0.1 805
1743436687404 0.09 806
1743436694068 0.09 807
1743436700615 0.09 808
1743436707526 0.09 809
1743436710817 0.09 810
1743436718162 0.09 811
1743436724909 0.09 812
1743436732376 0.09 813
1743436739582 0.09 814
1743436746822 0.09 815
1743436754338 0.09 816
1743436761817 0.09 817
1743436768280 0.09 818
1743436775457 0.09 819
1743436783065 0.09 820
1743436791667 0.09 821
1743436798373 0.09 822
1743436804705 0.09 823
1743436812509 0.09 824
1743436819715 0.09 825
1743436826771 0.09 826
1743436834261 0.09 827
1743436840782 0.09 828
1743436847484 0.09 829
1743436854560 0.09 830
1743436856969 0.09 831
1743436864168 0.09 832
1743436871689 0.09 833
1743436878613 0.09 834
1743436886335 0.09 835
1743436893075 0.09 836
1743436901115 0.08 837
1743436910394 0.08 838
1743436918466 0.08 839
1743436925857 0.08 840
1743436933595 0.08 841
1743436940243 0.08 842
1743436946835 0.08 843
1743436947425 0.08 844
1743436954250 0.08 845
1743436960985 0.08 846
1743436967644 0.08 847
1743436968238 0.09 848
1743436975404 0.08 849
1743436982777 0.08 850
1743436989083 0.08 851
1743436995654 0.08 852
1743437002497 0.08 853
1743437009269 0.08 854
1743437016738 0.08 855
1743437024130 0.08 856
1743437031574 0.08 857
1743437039126 0.08 858
1743437046523 0.08 859
1743437053062 0.08 860
1743437059723 0.08 861
1743437066950 0.08 862
1743437074876 0.08 863
1743437082054 0.08 864
1743437088592 0.08 865
1743437095752 0.08 866
1743437102228 0.08 867
1743437108637 0.07 868
1743437115568 0.06 869
1743437122630 0.06 870
1743437129632 0.06 871
1743437136761 0.06 872
1743437143861 0.06 873
1743437150862 0.06 874
1743437157791 0.06 875
1743437165234 0.06 876
1743437171843 0.06 877
1743437178135 0.06 878
1743437184279 0.06 879
1743437191703 0.06 880
1743437192289 0.07 881
1743437199537 0.06 882
1743437206144 0.06 883
1743437212540 0.06 884
1743437219574 0.06 885
1743437226234 0.06 886
1743437233484 0.06 887
1743437241015 0.05 888
1743437247988 0.05 889
1743437254740 0.05 890
1743437261224 0.05 891
1743437267728 0.04 892
1743437274813 0.04 893
1743437281420 0.04 894
1743437288527 0.04 895
1743437295847 0.04 896
1743437303315 0.04 897
1743437310171 0.04 898
1743437316996 0.04 899
1743437323772 0.04 900
1743437330994 0.04 901
1743437338644 0.04 902
1743437346101 0.04 903
1743437352371 0.03 904
1743437358566 0.03 905
1743437365870 0.03 906
1743437372555 0.03 907
1743437379290 0.03 908
1743437387966 0.03 909
1743437394583 0.03 910
1743437402534 0.03 911
1743437408853 0.03 912
1743437415192 0.03 913
1743437421846 0.03 914
1743437430140 0.03 915
1743437437723 0.03 916
1743437445458 0.03 917
1743437452610 0.03 918
1743437459752 0.03 919
1743437466252 0.03 920
1743437473390 0.03 921
1743437480053 0.03 922
1743437486907 0.03 923
1743437494319 0.03 924
1743437500953 0.03 925
1743437507765 0.03 926
1743437514863 0.03 927
1743437521518 0.03 928
1743437525879 0.03 929
1743437532597 0.03 930
1743437539457 0.03 931
1743437546340 0.03 932
1743437552479 0.03 933
1743437558529 0.03 934
1743437565333 0.03 935
1743437572411 0.03 936
1743437579585 0.03 937
1743437586224 0.03 938
1743437592243 0.03 939
1743437599091 0.03 940
1743437605583 0.03 941
1743437612043 0.03 942
1743437618688 0.03 943
1743437625592 0.02 944
1743437632191 0.02 945
1743437639075 0.02 946
1743437645713 0.02 947
1743437652164 0.01 948
1743437659026 0.01 949
1743437665645 0.01 950
1743437666237 0.02 951
1743437673874 0.02 952
1743437680658 0.02 953
1743437687356 0.02 954
1743437694293 0.02 955
1743437701246 0.02 956
1743437707927 0.02 957
1743437709640 0.02 958
1743437715942 0.02 959
1743437722977 0.02 960
1743437729988 0.02 961
1743437736827 0.02 962
1743437743540 0.02 963
1743437750464 0.02 964
1743437757071 0.02 965
1743437763165 0.02 966
1743437769321 0.02 967
1743437776137 0.02 968
1743437783018 0.02 969
1743437789883 0.02 970
1743437796806 0.02 971
1743437803614 0.02 972
1743437810624 0.02 973
1743437817475 0.02 974
1743437824452 0.02 975
1743437831326 0.02 976
1743437833632 0.02 977
1743437840461 0.02 978
1743437847633 0.02 979
1743437854890 0.02 980
1743437862148 0.01 981
1743437869550 0.01 982
1743437870146 0.02 983
1743437877166 0.02 984
1743437884480 0.02 985
1743437886514 0.02 986
1743437894004 0.02 987
1743437901032 0.02 988
1743437901630 0.03 989
1743437908822 0.03 990
1743437915789 0.03 991
1743437922517 0.03 992
1743437929151 0.03 993
1743437935751 0.03 994
1743437942830 0.03 995
1743437949389 0.03 996
1743437955831 0.03 997
1743437962590 0.03 998
1743437969597 0.03 999
1743437976610 0.03 1000
1743437983717 0.03 1001
1743437990489 0.03 1002
1743437997343 0.03 1003
1743438004351 0.03 1004
1743438011023 0.03 1005
1743438017875 0.03 1006
1743438024880 0.03 1007
1743438031688 0.03 1008
1743438038793 0.03 1009
1743438045290 0.03 1010
1743438052175 0.03 1011
1743438059305 0.03 1012
1743438066307 0.03 1013
1743438072927 0.03 1014
1743438075055 0.03 1015
1743438081907 0.03 1016
1743438088429 0.03 1017
1743438095563 0.03 1018
1743438102941 0.03 1019
1743438110138 0.03 1020
1743438117326 0.03 1021
1743438117924 0.04 1022
1743438125293 0.04 1023
1743438131651 0.04 1024
1743438138242 0.04 1025
1743438144851 0.04 1026
1743438151922 0.04 1027
1743438159075 0.04 1028
1743438166329 0.04 1029
1743438166917 0.05 1030
1743438173929 0.05 1031
1743438180995 0.05 1032
1743438188078 0.05 1033
1743438194760 0.05 1034
1743438200915 0.05 1035
1743438207594 0.05 1036
1743438213887 0.05 1037
1743438220052 0.05 1038
1743438226794 0.05 1039
1743438232796 0.05 1040
1743438240031 0.05 1041
1743438246930 0.05 1042
1743438253931 0.05 1043
1743438260860 0.05 1044
1743438267647 0.05 1045
1743438274376 0.05 1046
1743438281338 0.05 1047
1743438287970 0.05 1048
1743438294692 0.05 1049
1743438301486 0.05 1050
1743438308343 0.04 1051
1743438315242 0.04 1052
1743438322388 0.04 1053
1743438328662 0.04 1054
1743438335103 0.04 1055
1743438341944 0.04 1056
1743438343972 0.04 1057
1743438352495 0.04 1058
1743438353094 0.05 1059
1743438359546 0.05 1060
1743438366941 0.05 1061
1743438373186 0.05 1062
1743438379932 0.05 1063
1743438386234 0.05 1064
1743438392812 0.05 1065
1743438399104 0.05 1066
1743438405467 0.05 1067
1743438411783 0.05 1068
1743438418595 0.05 1069
1743438425520 0.05 1070
1743438432331 0.05 1071
1743438439130 0.05 1072
1743438445817 0.05 1073
1743438452592 0.05 1074
1743438459392 0.05 1075
1743438466237 0.05 1076
1743438472792 0.05 1077
1743438479731 0.05 1078
1743438486468 0.05 1079
1743438492934 0.05 1080
1743438499637 0.05 1081
1743438500372 0.06 1082
1743438506927 0.05 1083
1743438513323 0.05 1084
1743438519761 0.05 1085
1743438526501 0.05 1086
1743438532985 0.05 1087
1743438539369 0.05 1088
1743438545677 0.04 1089
1743438552205 0.04 1090
1743438558798 0.04 1091
1743438564826 0.04 1092
1743438571006 0.04 1093
1743438577256 0.04 1094
1743438584047 0.04 1095
1743438591363 0.04 1096
1743438598866 0.04 1097
1743438605222 0.04 1098
1743438611629 0.04 1099
1743438614424 0.04 1100
1743438615009 0.05 1101
1743438621261 0.05 1102
1743438627760 0.05 1103
1743438634735 0.05 1104
1743438641433 0.05 1105
1743438648666 0.05 1106
1743438655577 0.05 1107
1743438656170 0.06 1108
1743438662937 0.06 1109
1743438669869 0.06 1110
1743438676753 0.06 1111
1743438683697 0.06 1112
1743438690802 0.06 1113
1743438697707 0.06 1114
1743438704661 0.06 1115
1743438706701 0.06 1116
1743438713263 0.06 1117
1743438717283 0.06 1118
1743438723144 0.06 1119
1743438729943 0.06 1120
1743438736765 0.06 1121
1743438743292 0.05 1122
1743438749876 0.05 1123
1743438756119 0.05 1124
1743438756874 0.06 1125
1743438763761 0.06 1126
1743438770603 0.06 1127
1743438777432 0.06 1128
1743438778017 0.07 1129
1743438784746 0.06 1130
1743438791504 0.06 1131
1743438798362 0.06 1132
1743438804545 0.06 1133
1743438805128 0.07 1134
1743438805716 0.08 1135
1743438812200 0.08 1136
1743438819062 0.08 1137
1743438821111 0.08 1138
1743438827904 0.08 1139
1743438834612 0.08 1140
1743438841113 0.08 1141
1743438847716 0.08 1142
1743438854522 0.08 1143
1743438861223 0.08 1144
1743438867721 0.08 1145
1743438874533 0.08 1146
1743438880978 0.08 1147
1743438887772 0.08 1148
1743438894428 0.08 1149
1743438901274 0.08 1150
1743438908257 0.08 1151
1743438915623 0.08 1152
1743438922403 0.08 1153
1743438929177 0.08 1154
1743438936290 0.08 1155
1743438943174 0.08 1156
1743438949618 0.08 1157
1743438956681 0.08 1158
1743438963090 0.07 1159
1743438970057 0.07 1160
1743438976888 0.07 1161
1743438983377 0.07 1162
1743438989920 0.07 1163
1743438996690 0.07 1164
1743439003547 0.07 1165
1743439010295 0.07 1166
1743439016793 0.07 1167
1743439023269 0.07 1168
1743439030067 0.07 1169
1743439036864 0.07 1170
1743439043028 0.07 1171
1743439049479 0.07 1172
1743439055901 0.07 1173
1743439062127 0.07 1174
1743439068690 0.07 1175
1743439069282 0.08 1176
1743439075460 0.08 1177
1743439081832 0.08 1178
1743439088339 0.08 1179
1743439094622 0.08 1180
1743439101436 0.08 1181
1743439108326 0.07 1182
1743439115270 0.07 1183
1743439122034 0.07 1184
1743439126195 0.07 1185
1743439132378 0.07 1186
1743439138705 0.07 1187
1743439145730 0.07 1188
1743439146366 0.08 1189
1743439146939 0.09 1190
1743439153700 0.09 1191
1743439160412 0.09 1192
1743439167332 0.09 1193
1743439169721 0.09 1194
1743439176935 0.09 1195
1743439183662 0.09 1196
1743439190525 0.09 1197
1743439197449 0.09 1198
1743439204110 0.09 1199
1743439209931 0.09 1200
1743439216344 0.08 1201
1743439217078 0.09 1202
1743439218749 0.09 1203
1743439225548 0.09 1204
1743439232544 0.09 1205
1743439239399 0.09 1206
1743439239992 0.1 1207
1743439246781 0.09 1208
1743439253657 0.09 1209
1743439260539 0.09 1210
1743439267317 0.09 1211
1743439274098 0.09 1212
1743439280639 0.09 1213
1743439287448 0.09 1214
1743439289571 0.09 1215
1743439296350 0.09 1216
1743439303417 0.09 1217
1743439310746 0.09 1218
1743439317973 0.09 1219
1743439325126 0.09 1220
1743439331751 0.09 1221
1743439338906 0.09 1222
1743439340965 0.09 1223
1743439347801 0.09 1224
1743439354512 0.08 1225
1743439361007 0.08 1226
1743439367613 0.08 1227
1743439374224 0.08 1228
1743439380889 0.07 1229
1743439387600 0.07 1230
1743439394353 0.07 1231
1743439401060 0.07 1232
1743439407833 0.07 1233
1743439414704 0.06 1234
1743439421179 0.05 1235
1743439427846 0.05 1236
1743439434941 0.05 1237
1743439441844 0.05 1238
1743439448784 0.05 1239
1743439455646 0.05 1240
1743439462459 0.05 1241
1743439469289 0.05 1242
1743439476149 0.05 1243
1743439482923 0.05 1244
1743439489851 0.05 1245
1743439496646 0.05 1246
1743439503518 0.05 1247
1743439510236 0.05 1248
1743439516906 0.05 1249
1743439523849 0.05 1250
1743439531037 0.05 1251
1743439538065 0.05 1252
1743439544978 0.05 1253
1743439551901 0.05 1254
1743439556026 0.05 1255
1743439562788 0.05 1256
1743439569857 0.05 1257
1743439576828 0.05 1258
1743439578559 0.05 1259
1743439585322 0.05 1260
1743439592629 0.05 1261
1743439599455 0.05 1262
1743439605831 0.05 1263
1743439612643 0.05 1264
1743439619677 0.05 1265
1743439621810 0.05 1266
1743439628455 0.05 1267
1743439635351 0.05 1268
1743439642223 0.05 1269
1743439648784 0.05 1270
1743439655226 0.05 1271
1743439657263 0.05 1272
1743439664113 0.05 1273
1743439670754 0.05 1274
1743439677859 0.05 1275
1743439678449 0.05 1276
1743439685382 0.05 1277
1743439692324 0.05 1278
1743439699018 0.05 1279
1743439705891 0.05 1280
1743439712583 0.05 1281
1743439719393 0.05 1282
1743439726473 0.05 1283
1743439729187 0.05 1284
1743439735456 0.05 1285
1743439736379 0.06 1286
1743439743673 0.06 1287
1743439750690 0.06 1288
1743439751287 0.06 1289
1743439753971 0.05 1290
1743439760708 0.05 1291
1743439767730 0.05 1292
1743439774972 0.05 1293
1743439781568 0.05 1294
1743439788397 0.05 1295
1743439795127 0.05 1296
1743439796931 0.05 1297
1743439804142 0.05 1298
1743439810892 0.05 1299
1743439818266 0.05 1300
1743439825062 0.05 1301
1743439831914 0.04 1302
1743439833643 0.04 1303
1743439840466 0.04 1304
1743439847182 0.04 1305
1743439847946 0.05 1306
1743439854996 0.04 1307
1743439861514 0.04 1308
1743439868450 0.04 1309
1743439875604 0.04 1310
1743439882400 0.04 1311
1743439889412 0.04 1312
1743439896558 0.04 1313
1743439903535 0.04 1314
1743439910117 0.04 1315
1743439917318 0.04 1316
1743439924449 0.04 1317
1743439926210 0.04 1318
1743439927047 0.05 1319
1743439928758 0.05 1320
1743439935936 0.05 1321
1743439942957 0.05 1322
1743439945596 0.05 1323
1743439952278 0.05 1324
1743439952865 0.06 1325
1743439953462 0.07 1326
1743439960448 0.07 1327
1743439967713 0.07 1328
1743439974658 0.07 1329
1743439981955 0.07 1330
1743439989298 0.07 1331
1743439996575 0.07 1332
1743440003870 0.07 1333
1743440004741 0.08 1334
1743440011810 0.08 1335
1743440018484 0.08 1336
1743440025101 0.08 1337
1743440031939 0.08 1338
1743440038755 0.08 1339
1743440045560 0.08 1340
1743440052635 0.08 1341
1743440059773 0.08 1342
1743440066492 0.08 1343
1743440073251 0.08 1344
1743440080163 0.08 1345
1743440087304 0.08 1346
1743440089388 0.08 1347
1743440096094 0.08 1348
1743440102982 0.08 1349
1743440103582 0.09 1350
1743440110401 0.09 1351
1743440116935 0.09 1352
1743440123498 0.09 1353
1743440125385 0.09 1354
1743440132211 0.09 1355
1743440138962 0.09 1356
1743440139546 0.1 1357
1743440146542 0.1 1358
1743440152385 0.1 1359
1743440159150 0.1 1360
1743440162311 0.1 1361
1743440169374 0.1 1362
1743440176304 0.1 1363
1743440183087 0.1 1364
1743440184841 0.1 1365
1743440191795 0.1 1366
1743440198404 0.1 1367
1743440205761 0.1 1368
1743440212346 0.1 1369
1743440219466 0.1 1370
1743440226235 0.1 1371
1743440230357 0.1 1372
1743440236957 0.1 1373
1743440243828 0.1 1374
1743440250591 0.1 1375
1743440257606 0.09 1376
1743440264479 0.09 1377
1743440271361 0.09 1378
1743440278534 0.09 1379
1743440285289 0.09 1380
1743440292273 0.09 1381
1743440299103 0.09 1382
1743440306010 0.09 1383
1743440313164 0.09 1384
1743440320191 0.09 1385
1743440326908 0.08 1386
1743440333883 0.08 1387
1743440340739 0.08 1388
1743440347286 0.07 1389
1743440354136 0.07 1390
1743440360292 0.07 1391
1743440366928 0.07 1392
1743440373368 0.07 1393
1743440379976 0.07 1394
1743440386672 0.07 1395
1743440392576 0.07 1396
1743440399384 0.07 1397
1743440406192 0.07 1398
1743440413169 0.07 1399
1743440419952 0.07 1400
1743440426707 0.07 1401
1743440427304 0.08 1402
1743440433998 0.08 1403
1743440440829 0.08 1404
1743440447886 0.08 1405
1743440454704 0.07 1406
1743440461296 0.07 1407
1743440467894 0.07 1408
1743440475009 0.07 1409
1743440481486 0.07 1410
1743440483518 0.07 1411
1743440487438 0.08 1412
1743440494343 0.08 1413
1743440501418 0.08 1414
1743440508308 0.08 1415
1743440514838 0.08 1416
1743440521505 0.08 1417
1743440528549 0.08 1418
1743440535124 0.07 1419
1743440541608 0.07 1420
1743440543371 0.07 1421
1743440550347 0.07 1422
1743440557345 0.07 1423
1743440564380 0.07 1424
1743440571179 0.06 1425
1743440578572 0.05 1426
1743440585378 0.05 1427
1743440591753 0.05 1428
1743440592355 0.06 1429
1743440594156 0.06 1430
1743440601337 0.06 1431
1743440603642 0.06 1432
1743440604393 0.07 1433
1743440611674 0.06 1434
1743440618779 0.06 1435
1743440626070 0.06 1436
1743440633053 0.06 1437
1743440640117 0.06 1438
1743440647334 0.06 1439
1743440649328 0.06 1440
1743440652110 0.06 1441
1743440658770 0.06 1442
1743440665615 0.06 1443
1743440672421 0.06 1444
1743440679181 0.06 1445
1743440686156 0.06 1446
1743440692695 0.06 1447
1743440699340 0.06 1448
1743440705986 0.06 1449
1743440712525 0.05 1450
1743440719246 0.05 1451
1743440726445 0.05 1452
1743440733412 0.05 1453
1743440740279 0.05 1454
1743440747135 0.05 1455
1743440753791 0.05 1456
1743440760394 0.04 1457
1743440766933 0.04 1458
1743440773742 0.04 1459
1743440780114 0.04 1460
1743440780866 0.05 1461
1743440787780 0.05 1462
1743440794765 0.05 1463
1743440801487 0.05 1464
1743440808278 0.05 1465
1743440815231 0.05 1466
1743440821847 0.05 1467
1743440823730 0.05 1468
1743440830257 0.05 1469
1743440836831 0.05 1470
1743440837441 0.06 1471
1743440844352 0.06 1472
1743440846296 0.06 1473
1743440853333 0.06 1474
1743440860381 0.06 1475
1743440867179 0.06 1476
1743440873980 0.06 1477
1743440881312 0.06 1478
1743440888100 0.06 1479
1743440895058 0.06 1480
1743440902220 0.06 1481
1743440909031 0.06 1482
1743440911325 0.06 1483
1743440918220 0.06 1484
1743440924823 0.06 1485
1743440931442 0.06 1486
1743440932040 0.07 1487
1743440938940 0.07 1488
1743440939696 0.08 1489
1743440946976 0.08 1490
1743440954027 0.08 1491
1743440960712 0.08 1492
1743440967792 0.08 1493
1743440974276 0.08 1494
1743440980871 0.08 1495
1743440988318 0.08 1496
1743440995427 0.08 1497
1743441002680 0.08 1498
1743441009663 0.08 1499
1743441016742 0.08 1500
1743441023642 0.08 1501
1743441031102 0.07 1502
1743441038398 0.07 1503
1743441039002 0.08 1504
1743441046216 0.08 1505
1743441053247 0.08 1506
1743441059922 0.08 1507
1743441066821 0.08 1508
1743441073918 0.08 1509
1743441080896 0.08 1510
1743441082720 0.08 1511
1743441089578 0.07 1512
1743441096472 0.07 1513
1743441103011 0.07 1514
1743441109474 0.07 1515
1743441116104 0.07 1516
1743441123060 0.07 1517
1743441129826 0.07 1518
1743441136698 0.07 1519
1743441137297 0.08 1520
1743441143688 0.08 1521
1743441150374 0.08 1522
1743441157019 0.08 1523
1743441159628 0.08 1524
1743441166407 0.08 1525
1743441173112 0.08 1526
1743441179817 0.08 1527
1743441182081 0.08 1528
1743441189250 0.07 1529
1743441196230 0.07 1530
1743441203037 0.07 1531
1743441209588 0.07 1532
1743441210176 0.07 1533
1743441217065 0.07 1534
1743441224192 0.07 1535
1743441231444 0.07 1536
1743441238696 0.07 1537
1743441240632 0.07 1538
1743441247844 0.07 1539
1743441254696 0.07 1540
1743441261764 0.07 1541
1743441269168 0.07 1542
1743441270026 0.08 1543
1743441277301 0.08 1544
1743441284542 0.08 1545
1743441291382 0.08 1546
1743441298505 0.08 1547
1743441305175 0.08 1548
1743441311924 0.08 1549
1743441318866 0.08 1550
1743441325813 0.08 1551
1743441332912 0.08 1552
1743441339847 0.08 1553
1743441340449 0.09 1554
1743441342459 0.09 1555
1743441349506 0.09 1556
1743441356426 0.09 1557
1743441363740 0.09 1558
1743441370337 0.09 1559
1743441377158 0.09 1560
1743441383592 0.08 1561
1743441390302 0.08 1562
1743441396908 0.08 1563
1743441403569 0.08 1564
1743441410188 0.08 1565
1743441417044 0.08 1566
1743441417632 0.09 1567
1743441424676 0.09 1568
1743441431505 0.09 1569
1743441437829 0.09 1570
1743441444784 0.08 1571
1743441451610 0.08 1572
1743441453741 0.08 1573
1743441460511 0.08 1574
1743441467326 0.08 1575
1743441473717 0.08 1576
1743441476238 0.08 1577
1743441478221 0.08 1578
1743441484698 0.08 1579
1743441491544 0.08 1580
1743441498545 0.08 1581
1743441505682 0.08 1582
1743441512809 0.08 1583
1743441513404 0.09 1584
1743441519913 0.09 1585
1743441527124 0.09 1586
1743441534009 0.08 1587
1743441541343 0.08 1588
1743441548511 0.07 1589
1743441555404 0.07 1590
1743441557043 0.07 1591
1743441563770 0.07 1592
1743441570699 0.07 1593
1743441577454 0.07 1594
1743441584324 0.07 1595
1743441590987 0.07 1596
1743441597692 0.07 1597
1743441605592 0.07 1598
1743441608727 0.07 1599
1743441615868 0.07 1600
1743441622953 0.07 1601
1743441629856 0.07 1602
1743441636410 0.07 1603
1743441643294 0.06 1604
1743441649932 0.06 1605
1743441658437 0.06 1606
1743441660115 0.06 1607
1743441665854 0.06 1608
1743441671076 0.06 1609
1743441676402 0.06 1610
1743441676985 0.07 1611
1743441682232 0.07 1612
1743441687438 0.07 1613
1743441691667 0.07 1614
1743441696952 0.07 1615
1743441702278 0.07 1616
1743441707389 0.07 1617
1743441712785 0.07 1618
1743441717914 0.07 1619
1743441723084 0.06 1620
1743441728226 0.06 1621
1743441733562 0.06 1622
1743441739083 0.06 1623
1743441744443 0.06 1624
1743441749582 0.06 1625
1743441755024 0.06 1626
1743441760392 0.06 1627
1743441765762 0.06 1628
1743441770904 0.06 1629
1743441776301 0.06 1630
1743441781665 0.06 1631
1743441786868 0.06 1632
1743441792078 0.05 1633
1743441797495 0.05 1634
1743441802746 0.05 1635
1743441808218 0.05 1636
1743441813487 0.05 1637
1743441818564 0.05 1638
1743441824049 0.05 1639
1743441829168 0.05 1640
1743441834431 0.05 1641
1743441836387 0.05 1642
1743441841604 0.04 1643
1743441846940 0.04 1644
1743441852289 0.04 1645
1743441857725 0.04 1646
1743441862810 0.04 1647
1743441863390 0.05 1648
1743441868619 0.05 1649
1743441873921 0.05 1650
1743441879239 0.05 1651
1743441884467 0.05 1652
1743441889708 0.05 1653
1743441894930 0.04 1654
1743441900232 0.04 1655
1743441905453 0.04 1656
1743441910872 0.04 1657
1743441916206 0.04 1658
1743441921489 0.04 1659
1743441926639 0.04 1660
1743441931826 0.04 1661
1743441937049 0.04 1662
1743441942302 0.04 1663
1743441947781 0.04 1664
1743441953149 0.04 1665
1743441953723 0.05 1666
1743441958762 0.04 1667
1743441963928 0.04 1668
1743441969165 0.04 1669
1743441974581 0.04 1670
1743441979685 0.04 1671
1743441984878 0.04 1672
1743441990009 0.04 1673
1743441995197 0.04 1674
1743442000398 0.04 1675
1743442002283 0.04 1676
1743442007664 0.04 1677
1743442013009 0.04 1678
1743442018204 0.04 1679
1743442023402 0.04 1680
1743442023987 0.05 1681
1743442029233 0.05 1682
1743442034414 0.05 1683
1743442034989 0.05 1684
1743442040399 0.05 1685
1743442045626 0.05 1686
1743442050684 0.05 1687
1743442055800 0.05 1688
1743442060936 0.05 1689
1743442066233 0.05 1690
1743442071514 0.05 1691
1743442076954 0.05 1692
1743442081882 0.05 1693
1743442087354 0.05 1694
1743442087934 0.06 1695
1743442093006 0.06 1696
1743442094719 0.06 1697
1743442100158 0.06 1698
1743442105350 0.06 1699
1743442105935 0.07 1700
1743442111133 0.07 1701
1743442116293 0.07 1702
1743442121510 0.07 1703
1743442126697 0.07 1704
1743442131783 0.07 1705
1743442137132 0.07 1706
1743442142442 0.07 1707
1743442147930 0.07 1708
1743442153172 0.07 1709
1743442158417 0.07 1710
1743442163715 0.06 1711
1743442169194 0.06 1712
1743442174671 0.06 1713
1743442179855 0.06 1714
1743442184960 0.06 1715
1743442190142 0.06 1716
1743442192063 0.06 1717
1743442197108 0.06 1718
1743442200583 0.06 1719
1743442206120 0.06 1720
1743442211409 0.06 1721
1743442213459 0.06 1722
1743442218734 0.06 1723
1743442224026 0.06 1724
1743442229152 0.06 1725
1743442234504 0.06 1726
1743442239857 0.06 1727
1743442245194 0.06 1728
1743442250537 0.06 1729
1743442255803 0.06 1730
1743442261181 0.06 1731
1743442266572 0.06 1732
1743442271890 0.06 1733
1743442272604 0.07 1734
1743442277879 0.07 1735
1743442283244 0.07 1736
1743442284190 0.08 1737
1743442289516 0.08 1738
1743442294741 0.08 1739
1743442299871 0.08 1740
1743442305409 0.08 1741
1743442306088 0.09 1742
1743442311142 0.09 1743
1743442312922 0.09 1744
1743442318268 0.09 1745
1743442323601 0.09 1746
1743442328794 0.09 1747
1743442334327 0.08 1748
1743442339754 0.08 1749
1743442344899 0.08 1750
1743442345483 0.09 1751
1743442350847 0.09 1752
1743442356032 0.09 1753
1743442356736 0.1 1754
1743442361926 0.1 1755
1743442367060 0.1 1756
1743442369633 0.1 1757
1743442374919 0.1 1758
1743442375501 0.11 1759
1743442377107 0.11 1760
1743442378928 0.11 1761
1743442384336 0.11 1762
1743442389514 0.11 1763
1743442394927 0.11 1764
1743442400378 0.11 1765
1743442405617 0.1 1766
1743442410821 0.1 1767
1743442412565 0.1 1768
1743442418077 0.1 1769
1743442423637 0.1 1770
1743442428901 0.1 1771
1743442429483 0.11 1772
1743442434674 0.11 1773
1743442440116 0.11 1774
1743442445524 0.11 1775
1743442450763 0.11 1776
1743442456093 0.11 1777
1743442461320 0.11 1778
1743442466573 0.11 1779
1743442468486 0.11 1780
1743442473769 0.1 1781
1743442478973 0.1 1782
1743442479862 0.11 1783
1743442485197 0.1 1784
1743442490604 0.1 1785
1743442496010 0.1 1786
1743442501249 0.1 1787
1743442506646 0.1 1788
1743442510787 0.1 1789
1743442516282 0.1 1790
1743442521525 0.1 1791
1743442526849 0.1 1792
1743442532372 0.1 1793
1743442537802 0.1 1794
1743442542938 0.09 1795
1743442548376 0.09 1796
1743442554001 0.09 1797
1743442559321 0.09 1798
1743442564618 0.09 1799
1743442569935 0.08 1800
1743442575403 0.08 1801
1743442580613 0.08 1802
1743442586030 0.08 1803
1743442586607 0.09 1804
1743442591976 0.09 1805
1743442597329 0.09 1806
1743442602649 0.09 1807
1743442607894 0.09 1808
1743442613232 0.09 1809
1743442613814 0.1 1810
1743442619338 0.1 1811
1743442620954 0.1 1812
1743442626439 0.1 1813
1743442631764 0.1 1814
1743442632338 0.11 1815
1743442637666 0.11 1816
1743442642848 0.11 1817
1743442648231 0.11 1818
1743442653532 0.11 1819
1743442658927 0.11 1820
1743442659506 0.12 1821
1743442664928 0.12 1822
1743442670231 0.12 1823
1743442675535 0.12 1824
1743442681136 0.12 1825
1743442685263 0.12 1826
1743442690386 0.12 1827
1743442695800 0.12 1828
1743442701004 0.12 1829
1743442706144 0.12 1830
1743442711605 0.12 1831
1743442717131 0.12 1832
1743442722421 0.12 1833
1743442727553 0.11 1834
1743442732810 0.11 1835
1743442736170 0.11 1836
1743442741166 0.1 1837
1743442746262 0.1 1838
1743442751611 0.1 1839
1743442756932 0.1 1840
1743442762295 0.1 1841
1743442765370 0.09 1842
1743442770582 0.09 1843
1743442775643 0.09 1844
1743442778743 0.09 1845
1743442784290 0.09 1846
1743442789563 0.09 1847
1743442794879 0.09 1848
1743442800145 0.09 1849
1743442805387 0.09 1850
1743442810605 0.08 1851
1743442815931 0.08 1852
1743442821414 0.08 1853
1743442826903 0.07 1854
1743442832274 0.07 1855
1743442837898 0.07 1856
1743442843333 0.07 1857
1743442848628 0.07 1858
1743442854226 0.06 1859
1743442859565 0.06 1860
1743442864761 0.06 1861
1743442869988 0.06 1862
1743442875353 0.06 1863
1743442880568 0.06 1864
1743442885859 0.06 1865
1743442891358 0.06 1866
1743442896602 0.06 1867
1743442897455 0.07 1868
1743442902616 0.07 1869
1743442907967 0.07 1870
1743442913407 0.07 1871
1743442918442 0.06 1872
1743442923604 0.06 1873
1743442928989 0.06 1874
1743442934408 0.06 1875
1743442939701 0.06 1876
1743442945037 0.06 1877
1743442950289 0.06 1878
1743442955557 0.06 1879
1743442960779 0.06 1880
1743442966081 0.06 1881
1743442971334 0.06 1882
1743442976551 0.05 1883
1743442978137 0.05 1884
1743442983263 0.05 1885
1743442988548 0.05 1886
1743442993800 0.05 1887
1743442999147 0.05 1888
1743443004353 0.05 1889
1743443009455 0.05 1890
1743443014548 0.05 1891
1743443019573 0.05 1892
1743443024831 0.05 1893
1743443030235 0.05 1894
1743443035514 0.05 1895
1743443040752 0.05 1896
1743443041391 0.06 1897
1743443042990 0.06 1898
1743443048367 0.06 1899
1743443053430 0.06 1900
1743443058730 0.06 1901
1743443064116 0.06 1902
1743443069316 0.06 1903
1743443074554 0.05 1904
1743443079584 0.05 1905
1743443084846 0.05 1906
1743443086762 0.05 1907
1743443088315 0.05 1908
1743443093725 0.05 1909
1743443097844 0.04 1910
1743443103161 0.04 1911
1743443108449 0.04 1912
1743443113880 0.04 1913
1743443119163 0.04 1914
1743443125398 0.03 1915
1743443130747 0.03 1916
1743443135910 0.03 1917
1743443141005 0.03 1918
1743443146262 0.03 1919
1743443148211 0.03 1920
1743443153536 0.02 1921
1743443154121 0.03 1922
1743443159426 0.03 1923
1743443164585 0.03 1924
1743443169817 0.03 1925
1743443175193 0.03 1926
1743443176956 0.03 1927
1743443182153 0.03 1928
1743443187321 0.03 1929
1743443192889 0.03 1930
1743443198169 0.03 1931
1743443203488 0.03 1932
1743443208793 0.03 1933
1743443213882 0.03 1934
1743443219232 0.03 1935
1743443224629 0.03 1936
1743443230112 0.03 1937
1743443235383 0.03 1938
1743443240468 0.03 1939
1743443245626 0.03 1940
1743443246201 0.04 1941
1743443251540 0.04 1942
1743443256859 0.04 1943
1743443262168 0.04 1944
1743443267547 0.04 1945
1743443272764 0.04 1946
1743443277939 0.04 1947
1743443283138 0.04 1948
1743443288319 0.04 1949
1743443293624 0.04 1950
1743443298935 0.04 1951
1743443304134 0.04 1952
1743443304713 0.05 1953
1743443306538 0.05 1954
1743443311724 0.05 1955
1743443317024 0.05 1956
1743443319760 0.05 1957
1743443325304 0.05 1958
1743443330502 0.05 1959
1743443335789 0.05 1960
1743443336367 0.06 1961
1743443341662 0.06 1962
1743443343609 0.06 1963
1743443348781 0.06 1964
1743443354124 0.06 1965
1743443359466 0.06 1966
1743443364642 0.06 1967
1743443369906 0.05 1968
1743443372030 0.05 1969
1743443373686 0.05 1970
1743443379061 0.05 1971
1743443384352 0.05 1972
1743443389707 0.05 1973
1743443394887 0.05 1974
1743443400003 0.05 1975
1743443403567 0.05 1976
1743443408573 0.05 1977
1743443413671 0.05 1978
1743443419023 0.05 1979
1743443424225 0.05 1980
1743443429379 0.05 1981
1743443434598 0.05 1982
1743443439867 0.05 1983
1743443445091 0.05 1984
1743443450350 0.05 1985
1743443456001 0.05 1986
1743443457630 0.05 1987
1743443463019 0.05 1988
1743443468306 0.05 1989
1743443473569 0.05 1990
1743443478825 0.05 1991
1743443483969 0.05 1992
1743443489362 0.05 1993
1743443489936 0.06 1994
1743443495297 0.06 1995
1743443495883 0.07 1996
1743443501151 0.06 1997
1743443506485 0.06 1998
1743443507234 0.07 1999
1743443512660 0.07 2000
1743443517876 0.07 2001
1743443523370 0.07 2002
1743443528613 0.07 2003
1743443533904 0.07 2004
1743443539366 0.07 2005
1743443544493 0.07 2006
1743443549940 0.07 2007
1743443555312 0.07 2008
1743443560538 0.07 2009
1743443565926 0.07 2010
1743443571221 0.07 2011
1743443576275 0.07 2012
1743443581338 0.07 2013
1743443586857 0.07 2014
1743443592177 0.07 2015
1743443597310 0.07 2016
1743443602682 0.07 2017
1743443608084 0.07 2018
1743443613268 0.07 2019
1743443618548 0.07 2020
1743443624081 0.07 2021
1743443629394 0.06 2022
1743443634759 0.06 2023
1743443640023 0.06 2024
1743443645175 0.06 2025
1743443650688 0.06 2026
1743443655813 0.06 2027
1743443661030 0.06 2028
1743443661607 0.07 2029
1743443666702 0.07 2030
1743443671907 0.07 2031
1743443677104 0.07 2032
1743443682118 0.07 2033
1743443687017 0.07 2034
1743443692616 0.07 2035
1743443697760 0.07 2036
1743443703171 0.07 2037
1743443708555 0.07 2038
1743443713732 0.07 2039
1743443718915 0.07 2040
1743443720625 0.06 2041
1743443726008 0.06 2042
1743443726587 0.07 2043
1743443731687 0.07 2044
1743443736799 0.07 2045
1743443741944 0.07 2046
1743443747107 0.07 2047
1743443752466 0.07 2048
1743443757551 0.07 2049
1743443762910 0.07 2050
1743443767959 0.07 2051
1743443769546 0.07 2052
1743443774593 0.06 2053
1743443779678 0.06 2054
1743443785099 0.06 2055
1743443790109 0.06 2056
1743443791776 0.06 2057
1743443797003 0.06 2058
1743443802314 0.06 2059
1743443807523 0.06 2060
1743443812636 0.05 2061
1743443817765 0.05 2062
1743443823158 0.05 2063
1743443828565 0.05 2064
1743443830742 0.05 2065
1743443835790 0.05 2066
1743443836364 0.06 2067
1743443841463 0.06 2068
1743443846753 0.06 2069
1743443852210 0.06 2070
1743443857478 0.06 2071
1743443862712 0.06 2072
1743443868190 0.06 2073
1743443873548 0.06 2074
1743443878886 0.06 2075
1743443879455 0.07 2076
1743443884841 0.07 2077
1743443885406 0.08 2078
1743443890670 0.08 2079
1743443892616 0.08 2080
1743443897806 0.08 2081
1743443902925 0.08 2082
1743443904623 0.08 2083
1743443909782 0.08 2084
1743443915309 0.08 2085
1743443920509 0.08 2086
1743443925728 0.08 2087
1743443931041 0.08 2088
1743443936271 0.08 2089
1743443941712 0.08 2090
1743443947004 0.08 2091
1743443952031 0.08 2092
1743443957174 0.08 2093
1743443962188 0.07 2094
1743443967349 0.07 2095
1743443972425 0.06 2096
1743443977711 0.06 2097
1743443983076 0.06 2098
1743443988459 0.05 2099
1743443993714 0.05 2100
1743443998919 0.05 2101
1743444004047 0.05 2102
1743444005664 0.05 2103
1743444010726 0.05 2104
1743444015906 0.05 2105
1743444021123 0.05 2106
1743444021956 0.06 2107
1743444027199 0.06 2108
1743444032321 0.06 2109
1743444037515 0.06 2110
1743444042977 0.06 2111
1743444048357 0.06 2112
1743444053384 0.06 2113
1743444058527 0.06 2114
1743444063752 0.06 2115
1743444065972 0.06 2116
1743444071194 0.06 2117
1743444076237 0.06 2118
1743444081758 0.06 2119
1743444087099 0.06 2120
1743444092346 0.06 2121
1743444097421 0.06 2122
1743444102580 0.06 2123
1743444107712 0.06 2124
1743444112986 0.06 2125
1743444118535 0.06 2126
1743444123733 0.06 2127
1743444128796 0.06 2128
1743444133934 0.05 2129
1743444139035 0.05 2130
1743444144076 0.05 2131
1743444149376 0.05 2132
1743444154926 0.05 2133
1743444160131 0.05 2134
1743444165436 0.05 2135
1743444170693 0.05 2136
1743444175726 0.05 2137
1743444180859 0.05 2138
1743444184284 0.05 2139
1743444189340 0.05 2140
1743444191262 0.05 2141
1743444196473 0.05 2142
1743444201725 0.04 2143
1743444207118 0.04 2144
1743444212111 0.04 2145
1743444214008 0.04 2146
1743444219331 0.04 2147
1743444224393 0.04 2148
1743444229565 0.04 2149
1743444234612 0.04 2150
1743444239660 0.04 2151
1743444244893 0.04 2152
1743444250138 0.04 2153
1743444255365 0.04 2154
1743444260480 0.04 2155
1743444265514 0.04 2156
1743444270429 0.04 2157
1743444271003 0.05 2158
1743444276262 0.05 2159
1743444281527 0.05 2160
1743444282258 0.06 2161
1743444287382 0.06 2162
1743444292604 0.06 2163
1743444297694 0.06 2164
1743444302991 0.06 2165
1743444308021 0.06 2166
1743444313242 0.05 2167
1743444318417 0.05 2168
1743444320256 0.05 2169
1743444325420 0.05 2170
1743444330503 0.05 2171
1743444335628 0.05 2172
1743444340851 0.05 2173
1743444346196 0.05 2174
1743444351622 0.05 2175
1743444352204 0.05 2176
1743444357336 0.05 2177
1743444362527 0.04 2178
1743444367875 0.04 2179
1743444373247 0.04 2180
1743444373896 0.05 2181
1743444379171 0.05 2182
1743444384218 0.05 2183
1743444389481 0.05 2184
1743444394752 0.05 2185
1743444399892 0.05 2186
1743444405071 0.05 2187
1743444410301 0.05 2188
1743444415570 0.05 2189
1743444420679 0.05 2190
1743444425862 0.05 2191
1743444430981 0.05 2192
1743444436250 0.05 2193
1743444441381 0.05 2194
1743444442098 0.06 2195
1743444447231 0.06 2196
1743444452614 0.06 2197
1743444457624 0.06 2198
1743444462614 0.06 2199
1743444465152 0.07 2200
1743444470257 0.07 2201
1743444475488 0.07 2202
1743444480751 0.07 2203
1743444486004 0.07 2204
1743444491007 0.07 2205
1743444496276 0.07 2206
1743444501420 0.06 2207
1743444506618 0.06 2208
1743444511801 0.06 2209
1743444517378 0.06 2210
1743444522371 0.06 2211
1743444527691 0.06 2212
1743444532898 0.06 2213
1743444538218 0.06 2214
1743444543530 0.06 2215
1743444548721 0.06 2216
1743444554080 0.06 2217
1743444554658 0.07 2218
1743444559839 0.07 2219
1743444564940 0.07 2220
1743444570051 0.07 2221
1743444575290 0.07 2222
1743444580632 0.07 2223
1743444585807 0.07 2224
1743444591090 0.07 2225
1743444596367 0.07 2226
1743444598941 0.07 2227
1743444604143 0.07 2228
1743444609334 0.07 2229
1743444614498 0.07 2230
1743444619908 0.07 2231
1743444625146 0.07 2232
1743444630650 0.07 2233
1743444635996 0.07 2234
1743444641076 0.07 2235
1743444646289 0.07 2236
1743444651583 0.07 2237
1743444656795 0.07 2238
1743444662285 0.07 2239
1743444662863 0.08 2240
1743444668071 0.08 2241
1743444673140 0.08 2242
1743444678389 0.08 2243
1743444683367 0.08 2244
1743444688587 0.08 2245
1743444693912 0.08 2246
1743444699464 0.08 2247
1743444704950 0.08 2248
1743444710361 0.08 2249
1743444715798 0.08 2250
1743444721046 0.08 2251
1743444726564 0.08 2252
1743444728977 0.08 2253
1743444734272 0.08 2254
1743444734847 0.09 2255
1743444739949 0.09 2256
1743444745115 0.09 2257
1743444750160 0.08 2258
1743444755593 0.08 2259
1743444761077 0.08 2260
1743444766239 0.07 2261
1743444771532 0.07 2262
1743444776762 0.07 2263
1743444777349 0.08 2264
1743444782495 0.08 2265
1743444787868 0.08 2266
1743444792948 0.08 2267
1743444798164 0.08 2268
1743444803395 0.08 2269
1743444808494 0.08 2270
1743444813787 0.08 2271
1743444819093 0.08 2272
1743444824674 0.08 2273
1743444825258 0.09 2274
1743444830534 0.09 2275
1743444835901 0.08 2276
1743444840998 0.08 2277
1743444842768 0.08 2278
1743444848162 0.08 2279
1743444853341 0.08 2280
1743444858661 0.07 2281
1743444863903 0.07 2282
1743444869090 0.07 2283
1743444874446 0.07 2284
1743444879426 0.07 2285
1743444884677 0.07 2286
1743444890100 0.07 2287
1743444895240 0.07 2288
1743444900352 0.07 2289
1743444905510 0.07 2290
1743444910663 0.07 2291
1743444915725 0.07 2292
1743444920931 0.07 2293
1743444926250 0.07 2294
1743444931591 0.06 2295
1743444936814 0.06 2296
1743444942147 0.06 2297
1743444947219 0.06 2298
1743444952549 0.06 2299
1743444958127 0.05 2300
1743444963599 0.05 2301
1743444968642 0.05 2302
1743444971527 0.05 2303
1743444976732 0.05 2304
1743444982046 0.05 2305
1743444987104 0.05 2306
1743444992364 0.05 2307
1743444997435 0.05 2308
1743445002726 0.05 2309
1743445007860 0.05 2310
1743445012938 0.05 2311
1743445013511 0.06 2312
1743445015085 0.06 2313
1743445020263 0.06 2314
1743445025568 0.06 2315
1743445030764 0.06 2316
1743445035844 0.06 2317
1743445041091 0.05 2318
1743445046140 0.05 2319
1743445052433 0.05 2320
1743445057584 0.05 2321
1743445063050 0.05 2322
1743445068232 0.05 2323
1743445073408 0.05 2324
1743445078415 0.05 2325
1743445083718 0.05 2326
1743445088861 0.05 2327
1743445093895 0.05 2328
1743445099319 0.05 2329
1743445104568 0.05 2330
1743445109539 0.05 2331
1743445114733 0.05 2332
1743445119966 0.05 2333
1743445125100 0.05 2334
1743445130517 0.05 2335
1743445135560 0.05 2336
1743445140788 0.05 2337
1743445146151 0.05 2338
1743445151368 0.05 2339
1743445156439 0.04 2340
1743445161650 0.04 2341
1743445166739 0.04 2342
1743445172157 0.04 2343
1743445177796 0.04 2344
1743445183064 0.04 2345
1743445188348 0.04 2346
1743445193834 0.04 2347
1743445199007 0.04 2348
1743445204224 0.04 2349
1743445209676 0.04 2350
1743445214927 0.04 2351
1743445220432 0.04 2352
1743445225744 0.04 2353
1743445231012 0.04 2354
1743445236305 0.03 2355
1743445241684 0.03 2356
1743445247185 0.03 2357
1743445252424 0.03 2358
1743445257499 0.03 2359
1743445262771 0.03 2360
1743445268128 0.03 2361
1743445273543 0.03 2362
1743445278898 0.03 2363
1743445284075 0.02 2364
1743445289401 0.02 2365
1743445289979 0.03 2366
1743445295166 0.03 2367
1743445300346 0.03 2368
1743445305646 0.03 2369
1743445310816 0.03 2370
1743445316226 0.03 2371
1743445321373 0.03 2372
1743445326636 0.03 2373
1743445331778 0.02 2374
1743445337048 0.02 2375
1743445342260 0.02 2376
1743445347379 0.02 2377
1743445352837 0.02 2378
1743445357922 0.02 2379
1743445362989 0.02 2380
1743445368062 0.02 2381
1743445373172 0.02 2382
1743445378267 0.02 2383
1743445383326 0.02 2384
1743445388624 0.02 2385
1743445393697 0.02 2386
1743445398937 0.02 2387
1743445404335 0.02 2388
1743445409408 0.02 2389
1743445414597 0.02 2390
1743445419849 0.02 2391
1743445424992 0.02 2392
1743445430261 0.02 2393
1743445435442 0.02 2394
1743445440719 0.02 2395
1743445446147 0.02 2396
1743445451475 0.02 2397
1743445456606 0.02 2398
1743445462176 0.02 2399
1743445462759 0.03 2400
1743445468142 0.03 2401
1743445473415 0.03 2402
1743445478526 0.03 2403
1743445483666 0.03 2404
1743445488713 0.03 2405
1743445493952 0.03 2406
1743445499205 0.03 2407
1743445504283 0.03 2408
1743445506607 0.03 2409
1743445511677 0.03 2410
1743445513649 0.03 2411
1743445518871 0.02 2412
1743445524139 0.02 2413
1743445529282 0.02 2414
1743445534603 0.02 2415
1743445540134 0.02 2416
1743445546454 0.02 2417
1743445551889 0.02 2418
1743445557413 0.02 2419
1743445562599 0.02 2420
1743445567861 0.02 2421
1743445573075 0.02 2422
1743445578363 0.02 2423
1743445578956 0.03 2424
1743445584166 0.03 2425
1743445589553 0.03 2426
1743445594758 0.03 2427
1743445599981 0.03 2428
1743445605196 0.03 2429
1743445610466 0.03 2430
1743445615643 0.03 2431
1743445620705 0.03 2432
1743445626198 0.03 2433
1743445631384 0.03 2434
1743445636861 0.03 2435
1743445642200 0.03 2436
1743445647506 0.03 2437
1743445652974 0.03 2438
1743445658161 0.03 2439
1743445663316 0.03 2440
1743445668655 0.03 2441
1743445674265 0.03 2442
1743445679352 0.03 2443
1743445684548 0.03 2444
1743445689585 0.03 2445
1743445694657 0.03 2446
1743445700158 0.03 2447
1743445705352 0.03 2448
1743445710519 0.03 2449
1743445715788 0.03 2450
1743445716372 0.04 2451
1743445716953 0.05 2452
1743445722156 0.05 2453
1743445727183 0.05 2454
1743445732716 0.05 2455
1743445738023 0.05 2456
1743445743085 0.05 2457
1743445748274 0.05 2458
1743445753318 0.05 2459
1743445758576 0.05 2460
1743445763719 0.05 2461
1743445769250 0.05 2462
1743445774441 0.05 2463
1743445779561 0.05 2464
1743445784860 0.05 2465
1743445790135 0.04 2466
1743445795452 0.04 2467
1743445800653 0.04 2468
1743445806085 0.04 2469
1743445811394 0.04 2470
1743445816480 0.04 2471
1743445821667 0.04 2472
1743445823847 0.04 2473
1743445828936 0.04 2474
1743445834376 0.04 2475
1743445839664 0.04 2476
1743445845053 0.04 2477
1743445850286 0.04 2478
1743445855531 0.04 2479
1743445860763 0.04 2480
1743445866022 0.04 2481
1743445871150 0.04 2482
1743445871877 0.05 2483
1743445877230 0.05 2484
1743445882815 0.05 2485
1743445888095 0.05 2486
1743445893256 0.05 2487
1743445898278 0.05 2488
1743445903389 0.05 2489
1743445904134 0.06 2490
1743445909609 0.06 2491
1743445915179 0.06 2492
1743445921026 0.06 2493
