1743431795118 150.0 0
1743431799633 300.0 1
1743431804166 450.0 2
1743431808563 600.0 3
1743431812970 750.0 4
1743431817247 900.0 5
1743431822300 1050.0 6
1743431828686 1200.0 7
1743431834866 1350.0 8
1743431841756 1500.0 9
1743431848734 1650.0 10
1743431855198 1800.0 11
1743431861851 1950.0 12
1743431862445 1951.0 13
1743431869156 2101.0 14
1743431876234 2251.0 15
1743431882533 2401.0 16
1743431883109 2402.0 17
1743431884379 2420.0 18
1743431891148 2570.0 19
1743431897701 2720.0 20
1743431904524 2870.0 21
1743431910948 3020.0 22
1743431917945 3170.0 23
1743431924743 3320.0 24
1743431931448 3470.0 25
1743431938076 3620.0 26
1743431945135 3770.0 27
1743431945721 3771.0 28
1743431952091 3921.0 29
1743431958657 4071.0 30
1743431965223 4221.0 31
1743431971842 4371.0 32
1743431979168 4521.0 33
1743431986216 4671.0 34
1743431993152 4821.0 35
1743432000557 4971.0 36
1743432007591 5121.0 37
1743432013767 5271.0 38
1743432020050 5421.0 39
1743432027262 5571.0 40
1743432034188 5721.0 41
1743432040666 5871.0 42
1743432047851 6021.0 43
1743432054595 6171.0 44
1743432061949 6321.0 45
1743432068754 6471.0 46
1743432075492 6621.0 47
1743432082588 6771.0 48
1743432089345 6921.0 49
1743432095933 7071.0 50
1743432103198 7221.0 51
1743432110141 7371.0 52
1743432116585 7521.0 53
1743432123278 7671.0 54
1743432130074 7821.0 55
1743432136916 7971.0 56
1743432143815 8121.0 57
1743432150681 8271.0 58
1743432157509 8421.0 59
1743432164265 8571.0 60
1743432171123 8721.0 61
1743432177748 8871.0 62
1743432184274 9021.0 63
1743432191184 9171.0 64
1743432198031 9321.0 65
1743432204737 9471.0 66
1743432211276 9621.0 67
1743432217895 9771.0 68
1743432224733 9921.0 69
1743432231426 10071.0 70
1743432238312 10221.0 71
1743432245026 10371.0 72
1743432251692 10521.0 73
1743432258223 10671.0 74
1743432265263 10821.0 75
1743432271960 10971.0 76
1743432278907 11121.0 77
1743432285653 11271.0 78
1743432292634 11421.0 79
1743432299526 11571.0 80
1743432306775 11721.0 81
1743432313527 11871.0 82
1743432320735 12021.0 83
1743432327905 12171.0 84
1743432334991 12321.0 85
1743432341091 12471.0 86
1743432347982 12621.0 87
1743432354849 12771.0 88
1743432361676 12921.0 89
1743432368579 13071.0 90
1743432375322 13221.0 91
1743432382003 13371.0 92
1743432382687 13372.0 93
1743432389287 13522.0 94
1743432395398 13672.0 95
1743432401937 13822.0 96
1743432408554 13972.0 97
1743432415110 14122.0 98
1743432422235 14272.0 99
1743432424233 14305.0 100
1743432431236 14455.0 101
1743432438002 14605.0 102
1743432444475 14755.0 103
1743432451165 14905.0 104
1743432457898 15055.0 105
1743432464624 15205.0 106
1743432471809 15355.0 107
1743432479015 15505.0 108
1743432485771 15655.0 109
1743432492182 15805.0 110
1743432498435 15955.0 111
1743432505257 16105.0 112
1743432512286 16255.0 113
1743432519977 16405.0 114
1743432527112 16555.0 115
1743432534069 16705.0 116
1743432536135 16720.0 117
1743432542478 16870.0 118
1743432549521 17020.0 119
1743432555994 17170.0 120
1743432562506 17320.0 121
1743432569586 17470.0 122
1743432577571 17620.0 123
1743432585095 17770.0 124
1743432591983 17920.0 125
1743432599620 18070.0 126
1743432605807 18220.0 127
1743432612519 18370.0 128
1743432619365 18520.0 129
1743432626071 18670.0 130
1743432632608 18820.0 131
1743432639334 18970.0 132
1743432645758 19120.0 133
1743432652139 19270.0 134
1743432658879 19420.0 135
1743432665302 19570.0 136
1743432672191 19720.0 137
1743432678704 19870.0 138
1743432685261 20020.0 139
1743432691663 20170.0 140
1743432699007 20320.0 141
1743432705591 20470.0 142
1743432712304 20620.0 143
1743432719261 20770.0 144
1743432725987 20920.0 145
1743432732896 21070.0 146
1743432739395 21220.0 147
1743432745901 21370.0 148
1743432752208 21520.0 149
1743432758423 21670.0 150
1743432764686 21820.0 151
1743432767005 21844.0 152
1743432773879 21994.0 153
1743432780890 22144.0 154
1743432781465 22145.0 155
1743432782476 22157.0 156
1743432789025 22307.0 157
1743432795518 22457.0 158
1743432802459 22607.0 159
1743432809111 22757.0 160
1743432815814 22907.0 161
1743432822290 23057.0 162
1743432828817 23207.0 163
1743432835180 23357.0 164
1743432842087 23507.0 165
1743432848813 23657.0 166
1743432855498 23807.0 167
1743432862316 23957.0 168
1743432868864 24107.0 169
1743432875644 24257.0 170
1743432882332 24407.0 171
1743432889326 24557.0 172
1743432895902 24707.0 173
1743432902439 24857.0 174
1743432908993 25007.0 175
1743432915437 25157.0 176
1743432921641 25307.0 177
1743432928285 25457.0 178
1743432934839 25607.0 179
1743432940955 25757.0 180
1743432947817 25907.0 181
1743432954064 26057.0 182
1743432960416 26207.0 183
1743432962373 26220.0 184
1743432969154 26370.0 185
1743432975835 26520.0 186
1743432982241 26670.0 187
1743432988770 26820.0 188
1743432995331 26970.0 189
1743433002172 27120.0 190
1743433008831 27270.0 191
1743433014975 27420.0 192
1743433021680 27570.0 193
1743433028000 27720.0 194
1743433034694 27870.0 195
1743433041846 28020.0 196
1743433042416 28021.0 197
1743433048992 28171.0 198
1743433050888 28185.0 199
1743433057451 28335.0 200
1743433064134 28485.0 201
1743433070775 28635.0 202
1743433074656 28697.0 203
1743433080994 28847.0 204
1743433081584 28848.0 205
1743433088283 28998.0 206
1743433095006 29148.0 207
1743433096887 29161.0 208
1743433103481 29311.0 209
1743433109733 29461.0 210
1743433116232 29611.0 211
1743433122824 29761.0 212
1743433129316 29911.0 213
1743433129898 29912.0 214
1743433136608 30062.0 215
1743433142911 30212.0 216
1743433144775 30224.0 217
1743433151460 30374.0 218
1743433157798 30524.0 219
1743433164224 30674.0 220
1743433170796 30824.0 221
1743433177131 30974.0 222
1743433183665 31124.0 223
1743433184248 31125.0 224
1743433190901 31275.0 225
1743433197382 31425.0 226
1743433204163 31575.0 227
1743433210751 31725.0 228
1743433217336 31875.0 229
1743433217901 31876.0 230
1743433224155 32026.0 231
1743433230748 32176.0 232
1743433237237 32326.0 233
1743433244112 32476.0 234
1743433244691 32477.0 235
1743433251015 32627.0 236
1743433257704 32777.0 237
1743433263967 32927.0 238
1743433270756 33077.0 239
1743433277251 33227.0 240
1743433283416 33377.0 241
1743433289772 33527.0 242
1743433290346 33528.0 243
1743433296557 33678.0 244
1743433303122 33828.0 245
1743433303909 33831.0 246
1743433310107 33981.0 247
1743433316540 34131.0 248
1743433323197 34281.0 249
1743433329548 34431.0 250
1743433335764 34581.0 251
1743433342496 34731.0 252
1743433348962 34881.0 253
1743433355645 35031.0 254
1743433362048 35181.0 255
1743433368646 35331.0 256
1743433375349 35481.0 257
1743433381929 35631.0 258
1743433388387 35781.0 259
1743433394913 35931.0 260
1743433401097 36081.0 261
1743433407477 36231.0 262
1743433413957 36381.0 263
1743433420566 36531.0 264
1743433427262 36681.0 265
1743433433471 36831.0 266
1743433439744 36981.0 267
1743433446285 37131.0 268
1743433452762 37281.0 269
1743433459333 37431.0 270
1743433466128 37581.0 271
1743433473134 37731.0 272
1743433479963 37881.0 273
1743433486921 38031.0 274
1743433493845 38181.0 275
1743433500412 38331.0 276
1743433507200 38481.0 277
1743433514033 38631.0 278
1743433520919 38781.0 279
1743433527603 38931.0 280
1743433534436 39081.0 281
1743433540910 39231.0 282
1743433547615 39381.0 283
1743433554111 39531.0 284
1743433560930 39681.0 285
1743433567262 39831.0 286
1743433574093 39981.0 287
1743433581025 40131.0 288
1743433588108 40281.0 289
1743433595003 40431.0 290
1743433596027 40443.0 291
1743433602812 40593.0 292
1743433609547 40743.0 293
1743433616544 40893.0 294
1743433623313 41043.0 295
1743433630002 41193.0 296
1743433630580 41194.0 297
1743433636935 41344.0 298
1743433643366 41494.0 299
1743433649955 41644.0 300
1743433656536 41794.0 301
1743433663166 41944.0 302
1743433669743 42094.0 303
1743433676116 42244.0 304
1743433682753 42394.0 305
1743433683331 42395.0 306
1743433689619 42545.0 307
1743433696318 42695.0 308
1743433702775 42845.0 309
1743433709503 42995.0 310
1743433712292 43029.0 311
1743433719266 43179.0 312
1743433725959 43329.0 313
1743433732697 43479.0 314
1743433739102 43629.0 315
1743433740128 43641.0 316
1743433740715 43642.0 317
1743433747121 43792.0 318
1743433753722 43942.0 319
1743433760139 44092.0 320
1743433766823 44242.0 321
1743433773165 44392.0 322
1743433779432 44542.0 323
1743433786142 44692.0 324
1743433792274 44842.0 325
1743433798598 44992.0 326
1743433805628 45142.0 327
1743433812202 45292.0 328
1743433818631 45442.0 329
1743433825268 45592.0 330
1743433832005 45742.0 331
1743433832587 45743.0 332
1743433839350 45893.0 333
1743433846039 46043.0 334
1743433852596 46193.0 335
1743433859358 46343.0 336
1743433865843 46493.0 337
1743433872704 46643.0 338
1743433879247 46793.0 339
1743433879926 46794.0 340
1743433886572 46944.0 341
1743433892667 47094.0 342
1743433899342 47244.0 343
1743433906221 47394.0 344
1743433912930 47544.0 345
1743433913509 47545.0 346
1743433920167 47695.0 347
1743433926657 47845.0 348
1743433933363 47995.0 349
1743433940109 48145.0 350
1743433946855 48295.0 351
1743433953211 48445.0 352
1743433960145 48595.0 353
1743433967017 48745.0 354
1743433973394 48895.0 355
1743433979994 49045.0 356
1743433986717 49195.0 357
1743433992944 49345.0 358
1743433999547 49495.0 359
1743434006514 49645.0 360
1743434013315 49795.0 361
1743434020085 49945.0 362
1743434026868 50095.0 363
1743434027456 50096.0 364
1743434034055 50246.0 365
1743434040837 50396.0 366
1743434047265 50546.0 367
1743434053859 50696.0 368
1743434060306 50846.0 369
1743434066823 50996.0 370
1743434070596 51055.0 371
1743434077882 51205.0 372
1743434084998 51355.0 373
1743434091818 51505.0 374
1743434098640 51655.0 375
1743434105367 51805.0 376
1743434111989 51955.0 377
1743434118461 52105.0 378
1743434125237 52255.0 379
1743434131974 52405.0 380
1743434138426 52555.0 381
1743434145042 52705.0 382
1743434151321 52855.0 383
1743434151896 52856.0 384
1743434154003 52871.0 385
1743434161097 53021.0 386
1743434167724 53171.0 387
1743434174539 53321.0 388
1743434181109 53471.0 389
1743434187533 53621.0 390
1743434193876 53771.0 391
1743434200744 53921.0 392
1743434201323 53922.0 393
1743434207949 54072.0 394
1743434214923 54222.0 395
1743434221642 54372.0 396
1743434228337 54522.0 397
1743434235410 54672.0 398
1743434242295 54822.0 399
1743434249212 54972.0 400
1743434255909 55122.0 401
1743434262685 55272.0 402
1743434269292 55422.0 403
1743434275974 55572.0 404
1743434283296 55722.0 405
1743434290008 55872.0 406
1743434296965 56022.0 407
1743434303690 56172.0 408
1743434310547 56322.0 409
1743434317526 56472.0 410
1743434324528 56622.0 411
1743434331063 56772.0 412
1743434337484 56922.0 413
1743434344441 57072.0 414
1743434350852 57222.0 415
1743434357392 57372.0 416
1743434363849 57522.0 417
1743434370408 57672.0 418
1743434377010 57822.0 419
1743434383295 57972.0 420
1743434389968 58122.0 421
1743434396408 58272.0 422
1743434402772 58422.0 423
1743434409191 58572.0 424
1743434409915 58573.0 425
1743434416552 58723.0 426
1743434423161 58873.0 427
1743434429771 59023.0 428
1743434436356 59173.0 429
1743434436937 59174.0 430
1743434443421 59324.0 431
1743434450174 59474.0 432
1743434456939 59624.0 433
1743434463627 59774.0 434
1743434470253 59924.0 435
1743434470841 59925.0 436
1743434477300 60075.0 437
1743434484131 60225.0 438
1743434491091 60375.0 439
1743434491675 60376.0 440
1743434498266 60526.0 441
1743434504975 60676.0 442
1743434511479 60826.0 443
1743434517942 60976.0 444
1743434524530 61126.0 445
1743434531113 61276.0 446
1743434538068 61426.0 447
1743434544289 61576.0 448
1743434550672 61726.0 449
1743434557147 61876.0 450
1743434563534 62026.0 451
1743434570167 62176.0 452
1743434576828 62326.0 453
1743434583458 62476.0 454
1743434590250 62626.0 455
1743434597036 62776.0 456
1743434603753 62926.0 457
1743434610175 63076.0 458
1743434616874 63226.0 459
1743434623442 63376.0 460
1743434629650 63526.0 461
1743434635868 63676.0 462
1743434638133 63698.0 463
1743434644406 63848.0 464
1743434650970 63998.0 465
1743434657461 64148.0 466
1743434663965 64298.0 467
1743434670515 64448.0 468
1743434676663 64598.0 469
1743434682561 64748.0 470
1743434688765 64898.0 471
1743434695385 65048.0 472
1743434702223 65198.0 473
1743434708742 65348.0 474
1743434715506 65498.0 475
1743434721903 65648.0 476
1743434728741 65798.0 477
1743434735329 65948.0 478
1743434742212 66098.0 479
1743434749199 66248.0 480
1743434755583 66398.0 481
1743434762258 66548.0 482
1743434768641 66698.0 483
1743434775389 66848.0 484
1743434781844 66998.0 485
1743434788735 67148.0 486
1743434795799 67298.0 487
1743434796391 67299.0 488
1743434803884 67449.0 489
1743434810770 67599.0 490
1743434818061 67749.0 491
1743434824930 67899.0 492
1743434832237 68049.0 493
1743434839487 68199.0 494
1743434846615 68349.0 495
1743434853335 68499.0 496
1743434859391 68649.0 497
1743434865164 68799.0 498
1743434871511 68949.0 499
1743434877620 69099.0 500
1743434883881 69249.0 501
1743434889996 69399.0 502
1743434895985 69549.0 503
1743434902692 69699.0 504
1743434908829 69849.0 505
1743434909511 69850.0 506
1743434915705 70000.0 507
1743434921803 70150.0 508
1743434927532 70300.0 509
1743434933695 70450.0 510
1743434939641 70600.0 511
1743434945766 70750.0 512
1743434947869 70771.0 513
1743434953971 70921.0 514
1743434956073 70940.0 515
1743434962057 71090.0 516
1743434962622 71091.0 517
1743434968676 71241.0 518
1743434974829 71391.0 519
1743434980787 71541.0 520
1743434986614 71691.0 521
1743434992544 71841.0 522
1743434998300 71991.0 523
1743435004031 72141.0 524
1743435009906 72291.0 525
1743435016016 72441.0 526
1743435021881 72591.0 527
1743435027647 72741.0 528
1743435033231 72891.0 529
1743435039167 73041.0 530
1743435045021 73191.0 531
1743435050930 73341.0 532
1743435057272 73491.0 533
1743435063220 73641.0 534
1743435069255 73791.0 535
1743435075413 73941.0 536
1743435081417 74091.0 537
1743435081989 74092.0 538
1743435088076 74242.0 539
1743435093908 74392.0 540
1743435094477 74393.0 541
1743435100519 74543.0 542
1743435106629 74693.0 543
1743435112735 74843.0 544
1743435114400 74854.0 545
1743435120385 75004.0 546
1743435122003 75012.0 547
1743435127918 75162.0 548
1743435133934 75312.0 549
1743435139982 75462.0 550
1743435145906 75612.0 551
1743435146475 75613.0 552
1743435152437 75763.0 553
1743435158117 75913.0 554
1743435163860 76063.0 555
1743435169543 76213.0 556
1743435174688 76363.0 557
1743435179821 76513.0 558
1743435184894 76663.0 559
1743435190256 76813.0 560
1743435195493 76963.0 561
1743435200861 77113.0 562
1743435201413 77114.0 563
1743435206813 77264.0 564
1743435212156 77414.0 565
1743435217301 77564.0 566
1743435222942 77714.0 567
1743435228416 77864.0 568
1743435235596 78014.0 569
1743435243378 78164.0 570
1743435250295 78314.0 571
1743435257438 78464.0 572
1743435264441 78614.0 573
1743435271587 78764.0 574
1743435278355 78914.0 575
1743435285109 79064.0 576
1743435291985 79214.0 577
1743435293757 79225.0 578
1743435300804 79375.0 579
1743435307933 79525.0 580
1743435314960 79675.0 581
1743435322015 79825.0 582
1743435323899 79836.0 583
1743435331223 79986.0 584
1743435339271 80136.0 585
1743435346436 80286.0 586
1743435353285 80436.0 587
1743435353876 80437.0 588
1743435360676 80587.0 589
1743435362462 80598.0 590
1743435368999 80748.0 591
1743435374905 80898.0 592
1743435382063 81048.0 593
1743435389581 81198.0 594
1743435396447 81348.0 595
1743435403329 81498.0 596
1743435410007 81648.0 597
1743435416999 81798.0 598
1743435424001 81948.0 599
1743435431575 82098.0 600
1743435438591 82248.0 601
1743435446240 82398.0 602
1743435452886 82548.0 603
1743435459789 82698.0 604
1743435460362 82699.0 605
1743435467099 82849.0 606
1743435474243 82999.0 607
1743435481285 83149.0 608
1743435489278 83299.0 609
1743435496014 83449.0 610
1743435502875 83599.0 611
1743435509831 83749.0 612
1743435516549 83899.0 613
1743435524199 84049.0 614
1743435524786 84050.0 615
1743435532129 84200.0 616
1743435541129 84350.0 617
1743435548137 84500.0 618
1743435555541 84650.0 619
1743435563140 84800.0 620
1743435570901 84950.0 621
1743435579069 85100.0 622
1743435586127 85250.0 623
1743435587935 85258.0 624
1743435588522 85259.0 625
1743435589097 85260.0 626
1743435595327 85410.0 627
1743435596051 85411.0 628
1743435602803 85561.0 629
1743435609800 85711.0 630
1743435616451 85861.0 631
1743435623419 86011.0 632
1743435631388 86161.0 633
1743435637918 86311.0 634
1743435638514 86312.0 635
1743435645371 86462.0 636
1743435651818 86612.0 637
1743435652401 86613.0 638
1743435659219 86763.0 639
1743435660061 86770.0 640
1743435666573 86920.0 641
1743435668830 86940.0 642
1743435675329 87090.0 643
1743435681899 87240.0 644
1743435688575 87390.0 645
1743435696424 87540.0 646
1743435703877 87690.0 647
1743435710746 87840.0 648
1743435718540 87990.0 649
1743435726328 88140.0 650
1743435733645 88290.0 651
1743435740488 88440.0 652
1743435747327 88590.0 653
1743435754191 88740.0 654
1743435761850 88890.0 655
1743435769438 89040.0 656
1743435776884 89190.0 657
1743435783825 89340.0 658
1743435791937 89490.0 659
1743435799171 89640.0 660
1743435806202 89790.0 661
1743435813017 89940.0 662
1743435820548 90090.0 663
1743435827466 90240.0 664
1743435833684 90390.0 665
1743435840358 90540.0 666
1743435842124 90551.0 667
1743435848786 90701.0 668
1743435849777 90707.0 669
1743435856915 90857.0 670
1743435864140 91007.0 671
1743435871081 91157.0 672
1743435877594 91307.0 673
1743435884901 91457.0 674
1743435891720 91567.0 675
1743435899014 91717.0 676
1743435906039 91867.0 677
1743435912800 92017.0 678
1743435919763 92167.0 679
1743435927028 92317.0 680
1743435933929 92467.0 681
1743435940762 92617.0 682
1743435942908 92631.0 683
1743435943497 92632.0 684
1743435949923 92782.0 685
1743435956450 92932.0 686
1743435964279 93082.0 687
1743435970891 93232.0 688
1743435977326 93382.0 689
1743435985007 93532.0 690
1743435992200 93682.0 691
1743435999309 93832.0 692
1743436007070 93982.0 693
1743436014294 94132.0 694
1743436021139 94282.0 695
1743436028958 94432.0 696
1743436036561 94582.0 697
1743436044138 94732.0 698
1743436050922 94882.0 699
1743436057650 95032.0 700
1743436064654 95182.0 701
1743436071360 95332.0 702
1743436078313 95482.0 703
1743436079079 95483.0 704
1743436085852 95633.0 705
1743436086440 95634.0 706
1743436093055 95784.0 707
1743436099697 95934.0 708
1743436101681 95948.0 709
1743436108269 96098.0 710
1743436115538 96248.0 711
1743436122562 96398.0 712
1743436129519 96548.0 713
1743436131342 96559.0 714
1743436137879 96709.0 715
1743436144800 96859.0 716
1743436146644 96870.0 717
1743436153440 97020.0 718
1743436160044 97170.0 719
1743436166682 97320.0 720
1743436172959 97470.0 721
1743436179394 97620.0 722
1743436186132 97770.0 723
1743436192805 97920.0 724
1743436199413 98070.0 725
1743436205850 98220.0 726
1743436213196 98370.0 727
1743436220035 98520.0 728
1743436226793 98670.0 729
1743436233159 98820.0 730
1743436239730 98970.0 731
1743436246544 99120.0 732
1743436253553 99270.0 733
1743436260189 99420.0 734
1743436267050 99570.0 735
1743436273594 99720.0 736
1743436274329 99725.0 737
1743436281450 99875.0 738
1743436288051 100025.0 739
1743436294560 100175.0 740
1743436301801 100325.0 741
1743436308691 100475.0 742
1743436315523 100625.0 743
1743436316117 100626.0 744
1743436322935 100776.0 745
1743436324827 100788.0 746
1743436332119 100938.0 747
1743436339545 101088.0 748
1743436340144 101089.0 749
1743436347156 101239.0 750
1743436354442 101389.0 751
1743436361655 101539.0 752
1743436368750 101689.0 753
1743436375611 101839.0 754
1743436382655 101989.0 755
1743436389457 102139.0 756
1743436396440 102289.0 757
1743436403423 102439.0 758
1743436410517 102589.0 759
1743436416900 102739.0 760
1743436423476 102889.0 761
1743436430471 103039.0 762
1743436437305 103189.0 763
1743436443912 103339.0 764
1743436450325 103489.0 765
1743436457018 103639.0 766
1743436463617 103789.0 767
1743436464341 103790.0 768
1743436464935 103791.0 769
1743436471615 103941.0 770
1743436478271 104091.0 771
1743436484917 104241.0 772
1743436491510 104391.0 773
1743436498276 104541.0 774
1743436505321 104691.0 775
1743436512084 104841.0 776
1743436519265 104991.0 777
1743436526403 105141.0 778
1743436533494 105291.0 779
1743436540456 105441.0 780
1743436547861 105591.0 781
1743436548455 105592.0 782
1743436555021 105742.0 783
1743436557205 105761.0 784
1743436564090 105911.0 785
1743436570240 106061.0 786
1743436576468 106211.0 787
1743436577055 106212.0 788
1743436583932 106362.0 789
1743436591409 106512.0 790
1743436597916 106662.0 791
1743436598531 106663.0 792
1743436604927 106813.0 793
1743436611435 106963.0 794
1743436618296 107113.0 795
1743436624985 107263.0 796
1743436631709 107413.0 797
1743436638233 107563.0 798
1743436644622 107713.0 799
1743436651780 107863.0 800
1743436658348 108013.0 801
1743436665546 108163.0 802
1743436672521 108313.0 803
1743436673134 108314.0 804
1743436680180 108464.0 805
1743436687404 108614.0 806
1743436694068 108764.0 807
1743436700615 108914.0 808
1743436707526 109064.0 809
1743436710817 109111.0 810
1743436718162 109261.0 811
1743436724909 109411.0 812
1743436732376 109561.0 813
1743436739582 109711.0 814
1743436746822 109861.0 815
1743436754338 110011.0 816
1743436761817 110161.0 817
1743436768280 110311.0 818
1743436775457 110461.0 819
1743436783065 110611.0 820
1743436791667 110761.0 821
1743436798373 110911.0 822
1743436804705 111061.0 823
1743436812509 111211.0 824
1743436819715 111361.0 825
1743436826771 111511.0 826
1743436834261 111661.0 827
1743436840782 111811.0 828
1743436847484 111961.0 829
1743436854560 112111.0 830
1743436856969 112124.0 831
1743436864168 112274.0 832
1743436871689 112424.0 833
1743436878613 112574.0 834
1743436886335 112724.0 835
1743436893075 112874.0 836
1743436901115 113024.0 837
1743436910394 113174.0 838
1743436918466 113324.0 839
1743436925857 113474.0 840
1743436933595 113624.0 841
1743436940243 113774.0 842
1743436946835 113924.0 843
1743436947425 113925.0 844
1743436954250 114075.0 845
1743436960985 114225.0 846
1743436967644 114375.0 847
1743436968238 114376.0 848
1743436975404 114526.0 849
1743436982777 114676.0 850
1743436989083 114826.0 851
1743436995654 114976.0 852
1743437002497 115126.0 853
1743437009269 115276.0 854
1743437016738 115426.0 855
1743437024130 115576.0 856
1743437031574 115726.0 857
1743437039126 115876.0 858
1743437046523 116026.0 859
1743437053062 116176.0 860
1743437059723 116326.0 861
1743437066950 116476.0 862
1743437074876 116626.0 863
1743437082054 116776.0 864
1743437088592 116926.0 865
1743437095752 117076.0 866
1743437102228 117226.0 867
1743437108637 117376.0 868
1743437115568 117526.0 869
1743437122630 117676.0 870
1743437129632 117826.0 871
1743437136761 117976.0 872
1743437143861 118126.0 873
1743437150862 118276.0 874
1743437157791 118426.0 875
1743437165234 118576.0 876
1743437171843 118726.0 877
1743437178135 118876.0 878
1743437184279 119026.0 879
1743437191703 119176.0 880
1743437192289 119177.0 881
1743437199537 119327.0 882
1743437206144 119477.0 883
1743437212540 119627.0 884
1743437219574 119777.0 885
1743437226234 119927.0 886
1743437233484 120077.0 887
1743437241015 120227.0 888
1743437247988 120377.0 889
1743437254740 120527.0 890
1743437261224 120677.0 891
1743437267728 120827.0 892
1743437274813 120977.0 893
1743437281420 121127.0 894
1743437288527 121277.0 895
1743437295847 121427.0 896
1743437303315 121577.0 897
1743437310171 121727.0 898
1743437316996 121877.0 899
1743437323772 122027.0 900
1743437330994 122177.0 901
1743437338644 122327.0 902
1743437346101 122477.0 903
1743437352371 122627.0 904
1743437358566 122777.0 905
1743437365870 122927.0 906
1743437372555 123077.0 907
1743437379290 123227.0 908
1743437387966 123377.0 909
1743437394583 123527.0 910
1743437402534 123677.0 911
1743437408853 123827.0 912
1743437415192 123977.0 913
1743437421846 124127.0 914
1743437430140 124277.0 915
1743437437723 124427.0 916
1743437445458 124577.0 917
1743437452610 124727.0 918
1743437459752 124877.0 919
1743437466252 125027.0 920
1743437473390 125177.0 921
1743437480053 125327.0 922
1743437486907 125477.0 923
1743437494319 125627.0 924
1743437500953 125777.0 925
1743437507765 125927.0 926
1743437514863 126077.0 927
1743437521518 126227.0 928
1743437525879 126302.0 929
1743437532597 126452.0 930
1743437539457 126602.0 931
1743437546340 126752.0 932
1743437552479 126902.0 933
1743437558529 127052.0 934
1743437565333 127202.0 935
1743437572411 127352.0 936
1743437579585 127502.0 937
1743437586224 127652.0 938
1743437592243 127802.0 939
1743437599091 127952.0 940
1743437605583 128102.0 941
1743437612043 128252.0 942
1743437618688 128402.0 943
1743437625592 128552.0 944
1743437632191 128702.0 945
1743437639075 128852.0 946
1743437645713 129002.0 947
1743437652164 129152.0 948
1743437659026 129302.0 949
1743437665645 129452.0 950
1743437666237 129453.0 951
1743437673874 129603.0 952
1743437680658 129753.0 953
1743437687356 129903.0 954
1743437694293 130053.0 955
1743437701246 130203.0 956
1743437707927 130353.0 957
1743437709640 130364.0 958
1743437715942 130514.0 959
1743437722977 130664.0 960
1743437729988 130814.0 961
1743437736827 130964.0 962
1743437743540 131114.0 963
1743437750464 131264.0 964
1743437757071 131414.0 965
1743437763165 131564.0 966
1743437769321 131714.0 967
1743437776137 131864.0 968
1743437783018 132014.0 969
1743437789883 132164.0 970
1743437796806 132314.0 971
1743437803614 132464.0 972
1743437810624 132614.0 973
1743437817475 132764.0 974
1743437824452 132914.0 975
1743437831326 133064.0 976
1743437833632 133082.0 977
1743437840461 133232.0 978
1743437847633 133382.0 979
1743437854890 133532.0 980
1743437862148 133682.0 981
1743437869550 133832.0 982
1743437870146 133833.0 983
1743437877166 133983.0 984
1743437884480 134133.0 985
1743437886514 134148.0 986
1743437894004 134298.0 987
1743437901032 134448.0 988
1743437901630 134449.0 989
1743437908822 134599.0 990
1743437915789 134749.0 991
1743437922517 134899.0 992
1743437929151 135049.0 993
1743437935751 135199.0 994
1743437942830 135349.0 995
1743437949389 135499.0 996
1743437955831 135649.0 997
1743437962590 135799.0 998
1743437969597 135949.0 999
1743437976610 136099.0 1000
1743437983717 136249.0 1001
1743437990489 136399.0 1002
1743437997343 136549.0 1003
1743438004351 136699.0 1004
1743438011023 136849.0 1005
1743438017875 136999.0 1006
1743438024880 137149.0 1007
1743438031688 137299.0 1008
1743438038793 137449.0 1009
1743438045290 137599.0 1010
1743438052175 137749.0 1011
1743438059305 137899.0 1012
1743438066307 138049.0 1013
1743438072927 138199.0 1014
1743438075055 138218.0 1015
1743438081907 138368.0 1016
1743438088429 138518.0 1017
1743438095563 138668.0 1018
1743438102941 138818.0 1019
1743438110138 138968.0 1020
1743438117326 139118.0 1021
1743438117924 139119.0 1022
1743438125293 139269.0 1023
1743438131651 139419.0 1024
1743438138242 139569.0 1025
1743438144851 139719.0 1026
1743438151922 139869.0 1027
1743438159075 140019.0 1028
1743438166329 140169.0 1029
1743438166917 140170.0 1030
1743438173929 140320.0 1031
1743438180995 140470.0 1032
1743438188078 140620.0 1033
1743438194760 140770.0 1034
1743438200915 140920.0 1035
1743438207594 141070.0 1036
1743438213887 141220.0 1037
1743438220052 141370.0 1038
1743438226794 141520.0 1039
1743438232796 141670.0 1040
1743438240031 141820.0 1041
1743438246930 141970.0 1042
1743438253931 142120.0 1043
1743438260860 142270.0 1044
1743438267647 142420.0 1045
1743438274376 142570.0 1046
1743438281338 142720.0 1047
1743438287970 142870.0 1048
1743438294692 143020.0 1049
1743438301486 143170.0 1050
1743438308343 143320.0 1051
1743438315242 143470.0 1052
1743438322388 143620.0 1053
1743438328662 143770.0 1054
1743438335103 143920.0 1055
1743438341944 144070.0 1056
1743438343972 144079.0 1057
1743438352495 144229.0 1058
1743438353094 144230.0 1059
1743438359546 144380.0 1060
1743438366941 144530.0 1061
1743438373186 144680.0 1062
1743438379932 144830.0 1063
1743438386234 144980.0 1064
1743438392812 145130.0 1065
1743438399104 145280.0 1066
1743438405467 145430.0 1067
1743438411783 145580.0 1068
1743438418595 145730.0 1069
1743438425520 145880.0 1070
1743438432331 146030.0 1071
1743438439130 146180.0 1072
1743438445817 146330.0 1073
1743438452592 146480.0 1074
1743438459392 146630.0 1075
1743438466237 146780.0 1076
1743438472792 146930.0 1077
1743438479731 147080.0 1078
1743438486468 147230.0 1079
1743438492934 147380.0 1080
1743438499637 147530.0 1081
1743438500372 147531.0 1082
1743438506927 147681.0 1083
1743438513323 147831.0 1084
1743438519761 147981.0 1085
1743438526501 148131.0 1086
1743438532985 148281.0 1087
1743438539369 148431.0 1088
1743438545677 148581.0 1089
1743438552205 148731.0 1090
1743438558798 148881.0 1091
1743438564826 149031.0 1092
1743438571006 149181.0 1093
1743438577256 149331.0 1094
1743438584047 149481.0 1095
1743438591363 149631.0 1096
1743438598866 149781.0 1097
1743438605222 149931.0 1098
1743438611629 150081.0 1099
1743438614424 150118.0 1100
1743438615009 150119.0 1101
1743438621261 150269.0 1102
1743438627760 150419.0 1103
1743438634735 150569.0 1104
1743438641433 150719.0 1105
1743438648666 150869.0 1106
1743438655577 151019.0 1107
1743438656170 151020.0 1108
1743438662937 151170.0 1109
1743438669869 151320.0 1110
1743438676753 151470.0 1111
1743438683697 151620.0 1112
1743438690802 151770.0 1113
1743438697707 151920.0 1114
1743438704661 152070.0 1115
1743438706701 152085.0 1116
1743438713263 152235.0 1117
1743438717283 152295.0 1118
1743438723144 152445.0 1119
1743438729943 152595.0 1120
1743438736765 152745.0 1121
1743438743292 152895.0 1122
1743438749876 153045.0 1123
1743438756119 153195.0 1124
1743438756874 153196.0 1125
1743438763761 153346.0 1126
1743438770603 153496.0 1127
1743438777432 153646.0 1128
1743438778017 153647.0 1129
1743438784746 153797.0 1130
1743438791504 153947.0 1131
1743438798362 154097.0 1132
1743438804545 154247.0 1133
1743438805128 154248.0 1134
1743438805716 154249.0 1135
1743438812200 154399.0 1136
1743438819062 154549.0 1137
1743438821111 154563.0 1138
1743438827904 154713.0 1139
1743438834612 154863.0 1140
1743438841113 155013.0 1141
1743438847716 155163.0 1142
1743438854522 155313.0 1143
1743438861223 155463.0 1144
1743438867721 155613.0 1145
1743438874533 155763.0 1146
1743438880978 155913.0 1147
1743438887772 156063.0 1148
1743438894428 156213.0 1149
1743438901274 156363.0 1150
1743438908257 156513.0 1151
1743438915623 156663.0 1152
1743438922403 156813.0 1153
1743438929177 156963.0 1154
1743438936290 157113.0 1155
1743438943174 157263.0 1156
1743438949618 157413.0 1157
1743438956681 157563.0 1158
1743438963090 157713.0 1159
1743438970057 157863.0 1160
1743438976888 158013.0 1161
1743438983377 158163.0 1162
1743438989920 158313.0 1163
1743438996690 158463.0 1164
1743439003547 158613.0 1165
1743439010295 158763.0 1166
1743439016793 158913.0 1167
1743439023269 159063.0 1168
1743439030067 159213.0 1169
1743439036864 159363.0 1170
1743439043028 159513.0 1171
1743439049479 159663.0 1172
1743439055901 159813.0 1173
1743439062127 159963.0 1174
1743439068690 160113.0 1175
1743439069282 160114.0 1176
1743439075460 160264.0 1177
1743439081832 160414.0 1178
1743439088339 160564.0 1179
1743439094622 160714.0 1180
1743439101436 160864.0 1181
1743439108326 161014.0 1182
1743439115270 161164.0 1183
1743439122034 161314.0 1184
1743439126195 161382.0 1185
1743439132378 161532.0 1186
1743439138705 161682.0 1187
1743439145730 161832.0 1188
1743439146366 161834.0 1189
1743439146939 161835.0 1190
1743439153700 161985.0 1191
1743439160412 162135.0 1192
1743439167332 162285.0 1193
1743439169721 162305.0 1194
1743439176935 162455.0 1195
1743439183662 162605.0 1196
1743439190525 162755.0 1197
1743439197449 162905.0 1198
1743439204110 163055.0 1199
1743439209931 163205.0 1200
1743439216344 163355.0 1201
1743439217078 163356.0 1202
1743439218749 163365.0 1203
1743439225548 163515.0 1204
1743439232544 163665.0 1205
1743439239399 163815.0 1206
1743439239992 163816.0 1207
1743439246781 163966.0 1208
1743439253657 164116.0 1209
1743439260539 164266.0 1210
1743439267317 164416.0 1211
1743439274098 164566.0 1212
1743439280639 164716.0 1213
1743439287448 164866.0 1214
1743439289571 164883.0 1215
1743439296350 165033.0 1216
1743439303417 165183.0 1217
1743439310746 165333.0 1218
1743439317973 165483.0 1219
1743439325126 165633.0 1220
1743439331751 165783.0 1221
1743439338906 165933.0 1222
1743439340965 165950.0 1223
1743439347801 166100.0 1224
1743439354512 166250.0 1225
1743439361007 166400.0 1226
1743439367613 166550.0 1227
1743439374224 166700.0 1228
1743439380889 166850.0 1229
1743439387600 167000.0 1230
1743439394353 167150.0 1231
1743439401060 167300.0 1232
1743439407833 167450.0 1233
1743439414704 167600.0 1234
1743439421179 167750.0 1235
1743439427846 167900.0 1236
1743439434941 168050.0 1237
1743439441844 168200.0 1238
1743439448784 168350.0 1239
1743439455646 168500.0 1240
1743439462459 168650.0 1241
1743439469289 168800.0 1242
1743439476149 168950.0 1243
1743439482923 169100.0 1244
1743439489851 169250.0 1245
1743439496646 169400.0 1246
1743439503518 169550.0 1247
1743439510236 169700.0 1248
1743439516906 169850.0 1249
1743439523849 170000.0 1250
1743439531037 170150.0 1251
1743439538065 170300.0 1252
1743439544978 170450.0 1253
1743439551901 170600.0 1254
1743439556026 170661.0 1255
1743439562788 170811.0 1256
1743439569857 170961.0 1257
1743439576828 171111.0 1258
1743439578559 171119.0 1259
1743439585322 171269.0 1260
1743439592629 171419.0 1261
1743439599455 171569.0 1262
1743439605831 171719.0 1263
1743439612643 171869.0 1264
1743439619677 172019.0 1265
1743439621810 172036.0 1266
1743439628455 172186.0 1267
1743439635351 172336.0 1268
1743439642223 172486.0 1269
1743439648784 172636.0 1270
1743439655226 172786.0 1271
1743439657263 172800.0 1272
1743439664113 172950.0 1273
1743439670754 173100.0 1274
1743439677859 173250.0 1275
1743439678449 173251.0 1276
1743439685382 173401.0 1277
1743439692324 173551.0 1278
1743439699018 173701.0 1279
1743439705891 173851.0 1280
1743439712583 174001.0 1281
1743439719393 174151.0 1282
1743439726473 174301.0 1283
1743439729187 174338.0 1284
1743439735456 174488.0 1285
1743439736379 174493.0 1286
1743439743673 174643.0 1287
1743439750690 174793.0 1288
1743439751287 174794.0 1289
1743439753971 174825.0 1290
1743439760708 174975.0 1291
1743439767730 175125.0 1292
1743439774972 175275.0 1293
1743439781568 175425.0 1294
1743439788397 175575.0 1295
1743439795127 175725.0 1296
1743439796931 175738.0 1297
1743439804142 175888.0 1298
1743439810892 176038.0 1299
1743439818266 176188.0 1300
1743439825062 176338.0 1301
1743439831914 176488.0 1302
1743439833643 176498.0 1303
1743439840466 176648.0 1304
1743439847182 176798.0 1305
1743439847946 176799.0 1306
1743439854996 176949.0 1307
1743439861514 177099.0 1308
1743439868450 177249.0 1309
1743439875604 177399.0 1310
1743439882400 177549.0 1311
1743439889412 177699.0 1312
1743439896558 177849.0 1313
1743439903535 177999.0 1314
1743439910117 178149.0 1315
1743439917318 178299.0 1316
1743439924449 178449.0 1317
1743439926210 178458.0 1318
1743439927047 178465.0 1319
1743439928758 178474.0 1320
1743439935936 178624.0 1321
1743439942957 178774.0 1322
1743439945596 178806.0 1323
1743439952278 178956.0 1324
1743439952865 178957.0 1325
1743439953462 178958.0 1326
1743439960448 179108.0 1327
1743439967713 179258.0 1328
1743439974658 179408.0 1329
1743439981955 179558.0 1330
1743439989298 179708.0 1331
1743439996575 179858.0 1332
1743440003870 180008.0 1333
1743440004741 180012.0 1334
1743440011810 180162.0 1335
1743440018484 180312.0 1336
1743440025101 180462.0 1337
1743440031939 180612.0 1338
1743440038755 180762.0 1339
1743440045560 180912.0 1340
1743440052635 181062.0 1341
1743440059773 181212.0 1342
1743440066492 181362.0 1343
1743440073251 181512.0 1344
1743440080163 181662.0 1345
1743440087304 181812.0 1346
1743440089388 181827.0 1347
1743440096094 181977.0 1348
1743440102982 182127.0 1349
1743440103582 182128.0 1350
1743440110401 182278.0 1351
1743440116935 182428.0 1352
1743440123498 182578.0 1353
1743440125385 182592.0 1354
1743440132211 182742.0 1355
1743440138962 182892.0 1356
1743440139546 182893.0 1357
1743440146542 183043.0 1358
1743440152385 183193.0 1359
1743440159150 183343.0 1360
1743440162311 183361.0 1361
1743440169374 183511.0 1362
1743440176304 183661.0 1363
1743440183087 183811.0 1364
1743440184841 183822.0 1365
1743440191795 183972.0 1366
1743440198404 184122.0 1367
1743440205761 184272.0 1368
1743440212346 184422.0 1369
1743440219466 184572.0 1370
1743440226235 184722.0 1371
1743440230357 184790.0 1372
1743440236957 184940.0 1373
1743440243828 185090.0 1374
1743440250591 185240.0 1375
1743440257606 185390.0 1376
1743440264479 185540.0 1377
1743440271361 185690.0 1378
1743440278534 185840.0 1379
1743440285289 185990.0 1380
1743440292273 186140.0 1381
1743440299103 186290.0 1382
1743440306010 186440.0 1383
1743440313164 186590.0 1384
1743440320191 186740.0 1385
1743440326908 186890.0 1386
1743440333883 187040.0 1387
1743440340739 187190.0 1388
1743440347286 187340.0 1389
1743440354136 187490.0 1390
1743440360292 187640.0 1391
1743440366928 187790.0 1392
1743440373368 187940.0 1393
1743440379976 188090.0 1394
1743440386672 188240.0 1395
1743440392576 188390.0 1396
1743440399384 188540.0 1397
1743440406192 188690.0 1398
1743440413169 188840.0 1399
1743440419952 188990.0 1400
1743440426707 189140.0 1401
1743440427304 189141.0 1402
1743440433998 189291.0 1403
1743440440829 189441.0 1404
1743440447886 189591.0 1405
1743440454704 189741.0 1406
1743440461296 189891.0 1407
1743440467894 190041.0 1408
1743440475009 190191.0 1409
1743440481486 190341.0 1410
1743440483518 190357.0 1411
1743440487438 190434.0 1412
1743440494343 190584.0 1413
1743440501418 190734.0 1414
1743440508308 190884.0 1415
1743440514838 191034.0 1416
1743440521505 191184.0 1417
1743440528549 191334.0 1418
1743440535124 191484.0 1419
1743440541608 191634.0 1420
1743440543371 191644.0 1421
1743440550347 191794.0 1422
1743440557345 191944.0 1423
1743440564380 192094.0 1424
1743440571179 192244.0 1425
1743440578572 192394.0 1426
1743440585378 192544.0 1427
1743440591753 192694.0 1428
1743440592355 192695.0 1429
1743440594156 192708.0 1430
1743440601337 192858.0 1431
1743440603642 192882.0 1432
1743440604393 192883.0 1433
1743440611674 193033.0 1434
1743440618779 193183.0 1435
1743440626070 193333.0 1436
1743440633053 193483.0 1437
1743440640117 193633.0 1438
1743440647334 193783.0 1439
1743440649328 193795.0 1440
1743440652110 193826.0 1441
1743440658770 193976.0 1442
1743440665615 194126.0 1443
1743440672421 194276.0 1444
1743440679181 194426.0 1445
1743440686156 194576.0 1446
1743440692695 194726.0 1447
1743440699340 194876.0 1448
1743440705986 195026.0 1449
1743440712525 195176.0 1450
1743440719246 195326.0 1451
1743440726445 195476.0 1452
1743440733412 195626.0 1453
1743440740279 195776.0 1454
1743440747135 195926.0 1455
1743440753791 196076.0 1456
1743440760394 196226.0 1457
1743440766933 196376.0 1458
1743440773742 196526.0 1459
1743440780114 196676.0 1460
1743440780866 196677.0 1461
1743440787780 196827.0 1462
1743440794765 196977.0 1463
1743440801487 197127.0 1464
1743440808278 197277.0 1465
1743440815231 197427.0 1466
1743440821847 197577.0 1467
1743440823730 197586.0 1468
1743440830257 197736.0 1469
1743440836831 197886.0 1470
1743440837441 197887.0 1471
1743440844352 198037.0 1472
1743440846296 198051.0 1473
1743440853333 198201.0 1474
1743440860381 198351.0 1475
1743440867179 198501.0 1476
1743440873980 198651.0 1477
1743440881312 198801.0 1478
1743440888100 198951.0 1479
1743440895058 199101.0 1480
1743440902220 199251.0 1481
1743440909031 199401.0 1482
1743440911325 199422.0 1483
1743440918220 199572.0 1484
1743440924823 199722.0 1485
1743440931442 199872.0 1486
1743440932040 199873.0 1487
1743440938940 200023.0 1488
1743440939696 200024.0 1489
1743440946976 200174.0 1490
1743440954027 200324.0 1491
1743440960712 200474.0 1492
1743440967792 200624.0 1493
1743440974276 200774.0 1494
1743440980871 200924.0 1495
1743440988318 201074.0 1496
1743440995427 201224.0 1497
1743441002680 201374.0 1498
1743441009663 201524.0 1499
1743441016742 201674.0 1500
1743441023642 201824.0 1501
1743441031102 201974.0 1502
1743441038398 202124.0 1503
1743441039002 202125.0 1504
1743441046216 202275.0 1505
1743441053247 202425.0 1506
1743441059922 202575.0 1507
1743441066821 202725.0 1508
1743441073918 202875.0 1509
1743441080896 203025.0 1510
1743441082720 203036.0 1511
1743441089578 203186.0 1512
1743441096472 203336.0 1513
1743441103011 203486.0 1514
1743441109474 203636.0 1515
1743441116104 203786.0 1516
1743441123060 203936.0 1517
1743441129826 204086.0 1518
1743441136698 204236.0 1519
1743441137297 204237.0 1520
1743441143688 204387.0 1521
1743441150374 204537.0 1522
1743441157019 204687.0 1523
1743441159628 204713.0 1524
1743441166407 204863.0 1525
1743441173112 205013.0 1526
1743441179817 205163.0 1527
1743441182081 205185.0 1528
1743441189250 205335.0 1529
1743441196230 205485.0 1530
1743441203037 205635.0 1531
1743441209588 205785.0 1532
1743441210176 205786.0 1533
1743441217065 205936.0 1534
1743441224192 206086.0 1535
1743441231444 206236.0 1536
1743441238696 206386.0 1537
1743441240632 206395.0 1538
1743441247844 206545.0 1539
1743441254696 206695.0 1540
1743441261764 206845.0 1541
1743441269168 206995.0 1542
1743441270026 207002.0 1543
1743441277301 207152.0 1544
1743441284542 207302.0 1545
1743441291382 207452.0 1546
1743441298505 207602.0 1547
1743441305175 207752.0 1548
1743441311924 207902.0 1549
1743441318866 208052.0 1550
1743441325813 208202.0 1551
1743441332912 208352.0 1552
1743441339847 208502.0 1553
1743441340449 208503.0 1554
1743441342459 208518.0 1555
1743441349506 208668.0 1556
1743441356426 208818.0 1557
1743441363740 208968.0 1558
1743441370337 209118.0 1559
1743441377158 209268.0 1560
1743441383592 209418.0 1561
1743441390302 209568.0 1562
1743441396908 209718.0 1563
1743441403569 209868.0 1564
1743441410188 210018.0 1565
1743441417044 210168.0 1566
1743441417632 210169.0 1567
1743441424676 210319.0 1568
1743441431505 210469.0 1569
1743441437829 210619.0 1570
1743441444784 210769.0 1571
1743441451610 210919.0 1572
1743441453741 210933.0 1573
1743441460511 211083.0 1574
1743441467326 211233.0 1575
1743441473717 211383.0 1576
1743441476238 211409.0 1577
1743441478221 211424.0 1578
1743441484698 211574.0 1579
1743441491544 211724.0 1580
1743441498545 211874.0 1581
1743441505682 212024.0 1582
1743441512809 212174.0 1583
1743441513404 212175.0 1584
1743441519913 212325.0 1585
1743441527124 212475.0 1586
1743441534009 212625.0 1587
1743441541343 212775.0 1588
1743441548511 212925.0 1589
1743441555404 213075.0 1590
1743441557043 213084.0 1591
1743441563770 213234.0 1592
1743441570699 213384.0 1593
1743441577454 213534.0 1594
1743441584324 213684.0 1595
1743441590987 213834.0 1596
1743441597692 213984.0 1597
1743441605592 214134.0 1598
1743441608727 214178.0 1599
1743441615868 214328.0 1600
1743441622953 214478.0 1601
1743441629856 214628.0 1602
1743441636410 214778.0 1603
1743441643294 214928.0 1604
1743441649932 215078.0 1605
1743441658437 215228.0 1606
1743441660115 215237.0 1607
1743441665854 215387.0 1608
1743441671076 215537.0 1609
1743441676402 215687.0 1610
1743441676985 215688.0 1611
1743441682232 215838.0 1612
1743441687438 215988.0 1613
1743441691667 216071.0 1614
1743441696952 216221.0 1615
1743441702278 216371.0 1616
1743441707389 216521.0 1617
1743441712785 216671.0 1618
1743441717914 216821.0 1619
1743441723084 216971.0 1620
1743441728226 217121.0 1621
1743441733562 217271.0 1622
1743441739083 217421.0 1623
1743441744443 217571.0 1624
1743441749582 217721.0 1625
1743441755024 217871.0 1626
1743441760392 218021.0 1627
1743441765762 218171.0 1628
1743441770904 218321.0 1629
1743441776301 218471.0 1630
1743441781665 218621.0 1631
1743441786868 218771.0 1632
1743441792078 218921.0 1633
1743441797495 219071.0 1634
1743441802746 219221.0 1635
1743441808218 219371.0 1636
1743441813487 219521.0 1637
1743441818564 219671.0 1638
1743441824049 219821.0 1639
1743441829168 219971.0 1640
1743441834431 220121.0 1641
1743441836387 220131.0 1642
1743441841604 220281.0 1643
1743441846940 220431.0 1644
1743441852289 220581.0 1645
1743441857725 220731.0 1646
1743441862810 220881.0 1647
1743441863390 220882.0 1648
1743441868619 221032.0 1649
1743441873921 221182.0 1650
1743441879239 221332.0 1651
1743441884467 221482.0 1652
1743441889708 221632.0 1653
1743441894930 221782.0 1654
1743441900232 221932.0 1655
1743441905453 222082.0 1656
1743441910872 222232.0 1657
1743441916206 222382.0 1658
1743441921489 222532.0 1659
1743441926639 222682.0 1660
1743441931826 222832.0 1661
1743441937049 222982.0 1662
1743441942302 223132.0 1663
1743441947781 223282.0 1664
1743441953149 223432.0 1665
1743441953723 223433.0 1666
1743441958762 223583.0 1667
1743441963928 223733.0 1668
1743441969165 223883.0 1669
1743441974581 224033.0 1670
1743441979685 224183.0 1671
1743441984878 224333.0 1672
1743441990009 224483.0 1673
1743441995197 224633.0 1674
1743442000398 224783.0 1675
1743442002283 224797.0 1676
1743442007664 224947.0 1677
1743442013009 225097.0 1678
1743442018204 225247.0 1679
1743442023402 225397.0 1680
1743442023987 225398.0 1681
1743442029233 225548.0 1682
1743442034414 225698.0 1683
1743442034989 225699.0 1684
1743442040399 225849.0 1685
1743442045626 225999.0 1686
1743442050684 226149.0 1687
1743442055800 226299.0 1688
1743442060936 226449.0 1689
1743442066233 226599.0 1690
1743442071514 226749.0 1691
1743442076954 226899.0 1692
1743442081882 227049.0 1693
1743442087354 227199.0 1694
1743442087934 227200.0 1695
1743442093006 227350.0 1696
1743442094719 227361.0 1697
1743442100158 227511.0 1698
1743442105350 227661.0 1699
1743442105935 227662.0 1700
1743442111133 227812.0 1701
1743442116293 227962.0 1702
1743442121510 228112.0 1703
1743442126697 228262.0 1704
1743442131783 228412.0 1705
1743442137132 228562.0 1706
1743442142442 228712.0 1707
1743442147930 228862.0 1708
1743442153172 229012.0 1709
1743442158417 229162.0 1710
1743442163715 229312.0 1711
1743442169194 229462.0 1712
1743442174671 229612.0 1713
1743442179855 229762.0 1714
1743442184960 229912.0 1715
1743442190142 230062.0 1716
1743442192063 230079.0 1717
1743442197108 230229.0 1718
1743442200583 230299.0 1719
1743442206120 230449.0 1720
1743442211409 230599.0 1721
1743442213459 230619.0 1722
1743442218734 230769.0 1723
1743442224026 230919.0 1724
1743442229152 231069.0 1725
1743442234504 231219.0 1726
1743442239857 231369.0 1727
1743442245194 231519.0 1728
1743442250537 231669.0 1729
1743442255803 231819.0 1730
1743442261181 231969.0 1731
1743442266572 232119.0 1732
1743442271890 232269.0 1733
1743442272604 232270.0 1734
1743442277879 232420.0 1735
1743442283244 232570.0 1736
1743442284190 232581.0 1737
1743442289516 232731.0 1738
1743442294741 232881.0 1739
1743442299871 233031.0 1740
1743442305409 233181.0 1741
1743442306088 233185.0 1742
1743442311142 233335.0 1743
1743442312922 233345.0 1744
1743442318268 233495.0 1745
1743442323601 233645.0 1746
1743442328794 233795.0 1747
1743442334327 233945.0 1748
1743442339754 234095.0 1749
1743442344899 234245.0 1750
1743442345483 234246.0 1751
1743442350847 234396.0 1752
1743442356032 234546.0 1753
1743442356736 234547.0 1754
1743442361926 234697.0 1755
1743442367060 234847.0 1756
1743442369633 234885.0 1757
1743442374919 235035.0 1758
1743442375501 235036.0 1759
1743442377107 235044.0 1760
1743442378928 235060.0 1761
1743442384336 235210.0 1762
1743442389514 235360.0 1763
1743442394927 235510.0 1764
1743442400378 235660.0 1765
1743442405617 235810.0 1766
1743442410821 235960.0 1767
1743442412565 235972.0 1768
1743442418077 236122.0 1769
1743442423637 236272.0 1770
1743442428901 236422.0 1771
1743442429483 236423.0 1772
1743442434674 236573.0 1773
1743442440116 236723.0 1774
1743442445524 236873.0 1775
1743442450763 237023.0 1776
1743442456093 237173.0 1777
1743442461320 237323.0 1778
1743442466573 237473.0 1779
1743442468486 237490.0 1780
1743442473769 237640.0 1781
1743442478973 237790.0 1782
1743442479862 237796.0 1783
1743442485197 237946.0 1784
1743442490604 238096.0 1785
1743442496010 238246.0 1786
1743442501249 238396.0 1787
1743442506646 238546.0 1788
1743442510787 238636.0 1789
1743442516282 238786.0 1790
1743442521525 238936.0 1791
1743442526849 239086.0 1792
1743442532372 239236.0 1793
1743442537802 239386.0 1794
1743442542938 239536.0 1795
1743442548376 239686.0 1796
1743442554001 239836.0 1797
1743442559321 239986.0 1798
1743442564618 240136.0 1799
1743442569935 240286.0 1800
1743442575403 240436.0 1801
1743442580613 240586.0 1802
1743442586030 240736.0 1803
1743442586607 240737.0 1804
1743442591976 240887.0 1805
1743442597329 241037.0 1806
1743442602649 241187.0 1807
1743442607894 241337.0 1808
1743442613232 241487.0 1809
1743442613814 241488.0 1810
1743442619338 241638.0 1811
1743442620954 241648.0 1812
1743442626439 241798.0 1813
1743442631764 241948.0 1814
1743442632338 241949.0 1815
1743442637666 242099.0 1816
1743442642848 242249.0 1817
1743442648231 242399.0 1818
1743442653532 242549.0 1819
1743442658927 242699.0 1820
1743442659506 242700.0 1821
1743442664928 242850.0 1822
1743442670231 243000.0 1823
1743442675535 243150.0 1824
1743442681136 243300.0 1825
1743442685263 243385.0 1826
1743442690386 243535.0 1827
1743442695800 243685.0 1828
1743442701004 243835.0 1829
1743442706144 243985.0 1830
1743442711605 244135.0 1831
1743442717131 244285.0 1832
1743442722421 244435.0 1833
1743442727553 244585.0 1834
1743442732810 244735.0 1835
1743442736170 244798.0 1836
1743442741166 244948.0 1837
1743442746262 245098.0 1838
1743442751611 245248.0 1839
1743442756932 245398.0 1840
1743442762295 245548.0 1841
1743442765370 245600.0 1842
1743442770582 245750.0 1843
1743442775643 245900.0 1844
1743442778743 245955.0 1845
1743442784290 246105.0 1846
1743442789563 246255.0 1847
1743442794879 246405.0 1848
1743442800145 246555.0 1849
1743442805387 246705.0 1850
1743442810605 246855.0 1851
1743442815931 247005.0 1852
1743442821414 247155.0 1853
1743442826903 247305.0 1854
1743442832274 247455.0 1855
1743442837898 247605.0 1856
1743442843333 247755.0 1857
1743442848628 247905.0 1858
1743442854226 248055.0 1859
1743442859565 248205.0 1860
1743442864761 248355.0 1861
1743442869988 248505.0 1862
1743442875353 248655.0 1863
1743442880568 248805.0 1864
1743442885859 248955.0 1865
1743442891358 249105.0 1866
1743442896602 249255.0 1867
1743442897455 249264.0 1868
1743442902616 249414.0 1869
1743442907967 249564.0 1870
1743442913407 249714.0 1871
1743442918442 249864.0 1872
1743442923604 250014.0 1873
1743442928989 250164.0 1874
1743442934408 250314.0 1875
1743442939701 250464.0 1876
1743442945037 250614.0 1877
1743442950289 250764.0 1878
1743442955557 250914.0 1879
1743442960779 251064.0 1880
1743442966081 251214.0 1881
1743442971334 251364.0 1882
1743442976551 251514.0 1883
1743442978137 251524.0 1884
1743442983263 251674.0 1885
1743442988548 251824.0 1886
1743442993800 251974.0 1887
1743442999147 252124.0 1888
1743443004353 252274.0 1889
1743443009455 252424.0 1890
1743443014548 252574.0 1891
1743443019573 252724.0 1892
1743443024831 252874.0 1893
1743443030235 253024.0 1894
1743443035514 253174.0 1895
1743443040752 253324.0 1896
1743443041391 253327.0 1897
1743443042990 253335.0 1898
1743443048367 253485.0 1899
1743443053430 253635.0 1900
1743443058730 253785.0 1901
1743443064116 253935.0 1902
1743443069316 254085.0 1903
1743443074554 254235.0 1904
1743443079584 254385.0 1905
1743443084846 254535.0 1906
1743443086762 254554.0 1907
1743443088315 254562.0 1908
1743443093725 254712.0 1909
1743443097844 254800.0 1910
1743443103161 254950.0 1911
1743443108449 255100.0 1912
1743443113880 255250.0 1913
1743443119163 255400.0 1914
1743443125398 255550.0 1915
1743443130747 255700.0 1916
1743443135910 255850.0 1917
1743443141005 256000.0 1918
1743443146262 256150.0 1919
1743443148211 256169.0 1920
1743443153536 256319.0 1921
1743443154121 256320.0 1922
1743443159426 256470.0 1923
1743443164585 256620.0 1924
1743443169817 256770.0 1925
1743443175193 256920.0 1926
1743443176956 256932.0 1927
1743443182153 257082.0 1928
1743443187321 257232.0 1929
1743443192889 257382.0 1930
1743443198169 257532.0 1931
1743443203488 257682.0 1932
1743443208793 257832.0 1933
1743443213882 257982.0 1934
1743443219232 258132.0 1935
1743443224629 258282.0 1936
1743443230112 258432.0 1937
1743443235383 258582.0 1938
1743443240468 258732.0 1939
1743443245626 258882.0 1940
1743443246201 258883.0 1941
1743443251540 259033.0 1942
1743443256859 259183.0 1943
1743443262168 259333.0 1944
1743443267547 259483.0 1945
1743443272764 259633.0 1946
1743443277939 259783.0 1947
1743443283138 259933.0 1948
1743443288319 260083.0 1949
1743443293624 260233.0 1950
1743443298935 260383.0 1951
1743443304134 260533.0 1952
1743443304713 260534.0 1953
1743443306538 260549.0 1954
1743443311724 260699.0 1955
1743443317024 260849.0 1956
1743443319760 260893.0 1957
1743443325304 261043.0 1958
1743443330502 261193.0 1959
1743443335789 261343.0 1960
1743443336367 261344.0 1961
1743443341662 261494.0 1962
1743443343609 261513.0 1963
1743443348781 261663.0 1964
1743443354124 261813.0 1965
1743443359466 261963.0 1966
1743443364642 262113.0 1967
1743443369906 262263.0 1968
1743443372030 262286.0 1969
1743443373686 262296.0 1970
1743443379061 262446.0 1971
1743443384352 262596.0 1972
1743443389707 262746.0 1973
1743443394887 262896.0 1974
1743443400003 263046.0 1975
1743443403567 263115.0 1976
1743443408573 263265.0 1977
1743443413671 263415.0 1978
1743443419023 263565.0 1979
1743443424225 263715.0 1980
1743443429379 263865.0 1981
1743443434598 264015.0 1982
1743443439867 264165.0 1983
1743443445091 264315.0 1984
1743443450350 264465.0 1985
1743443456001 264615.0 1986
1743443457630 264625.0 1987
1743443463019 264775.0 1988
1743443468306 264925.0 1989
1743443473569 265075.0 1990
1743443478825 265225.0 1991
1743443483969 265375.0 1992
1743443489362 265525.0 1993
1743443489936 265526.0 1994
1743443495297 265676.0 1995
1743443495883 265677.0 1996
1743443501151 265827.0 1997
1743443506485 265977.0 1998
1743443507234 265978.0 1999
1743443512660 266128.0 2000
1743443517876 266278.0 2001
1743443523370 266428.0 2002
1743443528613 266578.0 2003
1743443533904 266728.0 2004
1743443539366 266878.0 2005
1743443544493 267028.0 2006
1743443549940 267178.0 2007
1743443555312 267328.0 2008
1743443560538 267478.0 2009
1743443565926 267628.0 2010
1743443571221 267778.0 2011
1743443576275 267928.0 2012
1743443581338 268078.0 2013
1743443586857 268228.0 2014
1743443592177 268378.0 2015
1743443597310 268528.0 2016
1743443602682 268678.0 2017
1743443608084 268828.0 2018
1743443613268 268978.0 2019
1743443618548 269128.0 2020
1743443624081 269278.0 2021
1743443629394 269428.0 2022
1743443634759 269578.0 2023
1743443640023 269728.0 2024
1743443645175 269878.0 2025
1743443650688 270028.0 2026
1743443655813 270178.0 2027
1743443661030 270328.0 2028
1743443661607 270329.0 2029
1743443666702 270479.0 2030
1743443671907 270629.0 2031
1743443677104 270779.0 2032
1743443682118 270929.0 2033
1743443687017 271079.0 2034
1743443692616 271229.0 2035
1743443697760 271379.0 2036
1743443703171 271529.0 2037
1743443708555 271679.0 2038
1743443713732 271829.0 2039
1743443718915 271979.0 2040
1743443720625 271990.0 2041
1743443726008 272140.0 2042
1743443726587 272141.0 2043
1743443731687 272291.0 2044
1743443736799 272441.0 2045
1743443741944 272591.0 2046
1743443747107 272741.0 2047
1743443752466 272891.0 2048
1743443757551 273041.0 2049
1743443762910 273191.0 2050
1743443767959 273341.0 2051
1743443769546 273349.0 2052
1743443774593 273499.0 2053
1743443779678 273649.0 2054
1743443785099 273799.0 2055
1743443790109 273949.0 2056
1743443791776 273961.0 2057
1743443797003 274111.0 2058
1743443802314 274261.0 2059
1743443807523 274411.0 2060
1743443812636 274561.0 2061
1743443817765 274711.0 2062
1743443823158 274861.0 2063
1743443828565 275011.0 2064
1743443830742 275035.0 2065
1743443835790 275185.0 2066
1743443836364 275186.0 2067
1743443841463 275336.0 2068
1743443846753 275486.0 2069
1743443852210 275636.0 2070
1743443857478 275786.0 2071
1743443862712 275936.0 2072
1743443868190 276086.0 2073
1743443873548 276236.0 2074
1743443878886 276386.0 2075
1743443879455 276387.0 2076
1743443884841 276537.0 2077
1743443885406 276538.0 2078
1743443890670 276688.0 2079
1743443892616 276706.0 2080
1743443897806 276856.0 2081
1743443902925 277006.0 2082
1743443904623 277014.0 2083
1743443909782 277164.0 2084
1743443915309 277314.0 2085
1743443920509 277464.0 2086
1743443925728 277614.0 2087
1743443931041 277764.0 2088
1743443936271 277914.0 2089
1743443941712 278064.0 2090
1743443947004 278214.0 2091
1743443952031 278364.0 2092
1743443957174 278514.0 2093
1743443962188 278664.0 2094
1743443967349 278814.0 2095
1743443972425 278964.0 2096
1743443977711 279114.0 2097
1743443983076 279264.0 2098
1743443988459 279414.0 2099
1743443993714 279564.0 2100
1743443998919 279714.0 2101
1743444004047 279864.0 2102
1743444005664 279873.0 2103
1743444010726 280023.0 2104
1743444015906 280173.0 2105
1743444021123 280323.0 2106
1743444021956 280332.0 2107
1743444027199 280482.0 2108
1743444032321 280632.0 2109
1743444037515 280782.0 2110
1743444042977 280932.0 2111
1743444048357 281082.0 2112
1743444053384 281232.0 2113
1743444058527 281382.0 2114
1743444063752 281532.0 2115
1743444065972 281558.0 2116
1743444071194 281708.0 2117
1743444076237 281858.0 2118
1743444081758 282008.0 2119
1743444087099 282158.0 2120
1743444092346 282308.0 2121
1743444097421 282458.0 2122
1743444102580 282608.0 2123
1743444107712 282758.0 2124
1743444112986 282908.0 2125
1743444118535 283058.0 2126
1743444123733 283208.0 2127
1743444128796 283358.0 2128
1743444133934 283508.0 2129
1743444139035 283658.0 2130
1743444144076 283808.0 2131
1743444149376 283958.0 2132
1743444154926 284108.0 2133
1743444160131 284258.0 2134
1743444165436 284408.0 2135
1743444170693 284558.0 2136
1743444175726 284708.0 2137
1743444180859 284858.0 2138
1743444184284 284892.0 2139
1743444189340 285042.0 2140
1743444191262 285058.0 2141
1743444196473 285208.0 2142
1743444201725 285358.0 2143
1743444207118 285508.0 2144
1743444212111 285658.0 2145
1743444214008 285674.0 2146
1743444219331 285824.0 2147
1743444224393 285974.0 2148
1743444229565 286124.0 2149
1743444234612 286274.0 2150
1743444239660 286424.0 2151
1743444244893 286574.0 2152
1743444250138 286724.0 2153
1743444255365 286874.0 2154
1743444260480 287024.0 2155
1743444265514 287174.0 2156
1743444270429 287324.0 2157
1743444271003 287325.0 2158
1743444276262 287475.0 2159
1743444281527 287625.0 2160
1743444282258 287626.0 2161
1743444287382 287776.0 2162
1743444292604 287926.0 2163
1743444297694 288076.0 2164
1743444302991 288226.0 2165
1743444308021 288376.0 2166
1743444313242 288526.0 2167
1743444318417 288676.0 2168
1743444320256 288693.0 2169
1743444325420 288843.0 2170
1743444330503 288993.0 2171
1743444335628 289143.0 2172
1743444340851 289293.0 2173
1743444346196 289443.0 2174
1743444351622 289593.0 2175
1743444352204 289594.0 2176
1743444357336 289744.0 2177
1743444362527 289894.0 2178
1743444367875 290044.0 2179
1743444373247 290194.0 2180
1743444373896 290197.0 2181
1743444379171 290347.0 2182
1743444384218 290497.0 2183
1743444389481 290647.0 2184
1743444394752 290797.0 2185
1743444399892 290947.0 2186
1743444405071 291097.0 2187
1743444410301 291247.0 2188
1743444415570 291397.0 2189
1743444420679 291547.0 2190
1743444425862 291697.0 2191
1743444430981 291847.0 2192
1743444436250 291997.0 2193
1743444441381 292147.0 2194
1743444442098 292148.0 2195
1743444447231 292298.0 2196
1743444452614 292448.0 2197
1743444457624 292598.0 2198
1743444462614 292748.0 2199
1743444465152 292812.0 2200
1743444470257 292962.0 2201
1743444475488 293112.0 2202
1743444480751 293262.0 2203
1743444486004 293412.0 2204
1743444491007 293562.0 2205
1743444496276 293712.0 2206
1743444501420 293862.0 2207
1743444506618 294012.0 2208
1743444511801 294162.0 2209
1743444517378 294312.0 2210
1743444522371 294462.0 2211
1743444527691 294612.0 2212
1743444532898 294762.0 2213
1743444538218 294912.0 2214
1743444543530 295062.0 2215
1743444548721 295212.0 2216
1743444554080 295362.0 2217
1743444554658 295363.0 2218
1743444559839 295513.0 2219
1743444564940 295663.0 2220
1743444570051 295813.0 2221
1743444575290 295963.0 2222
1743444580632 296113.0 2223
1743444585807 296263.0 2224
1743444591090 296413.0 2225
1743444596367 296563.0 2226
1743444598941 296600.0 2227
1743444604143 296750.0 2228
1743444609334 296900.0 2229
1743444614498 297050.0 2230
1743444619908 297200.0 2231
1743444625146 297350.0 2232
1743444630650 297500.0 2233
1743444635996 297650.0 2234
1743444641076 297800.0 2235
1743444646289 297950.0 2236
1743444651583 298100.0 2237
1743444656795 298250.0 2238
1743444662285 298400.0 2239
1743444662863 298401.0 2240
1743444668071 298551.0 2241
1743444673140 298701.0 2242
1743444678389 298851.0 2243
1743444683367 299001.0 2244
1743444688587 299151.0 2245
1743444693912 299301.0 2246
1743444699464 299451.0 2247
1743444704950 299601.0 2248
1743444710361 299751.0 2249
1743444715798 299901.0 2250
1743444721046 300051.0 2251
1743444726564 300201.0 2252
1743444728977 300233.0 2253
1743444734272 300383.0 2254
1743444734847 300384.0 2255
1743444739949 300534.0 2256
1743444745115 300684.0 2257
1743444750160 300834.0 2258
1743444755593 300984.0 2259
1743444761077 301134.0 2260
1743444766239 301284.0 2261
1743444771532 301434.0 2262
1743444776762 301584.0 2263
1743444777349 301585.0 2264
1743444782495 301735.0 2265
1743444787868 301885.0 2266
1743444792948 302035.0 2267
1743444798164 302185.0 2268
1743444803395 302335.0 2269
1743444808494 302485.0 2270
1743444813787 302635.0 2271
1743444819093 302785.0 2272
1743444824674 302935.0 2273
1743444825258 302936.0 2274
1743444830534 303086.0 2275
1743444835901 303236.0 2276
1743444840998 303386.0 2277
1743444842768 303399.0 2278
1743444848162 303549.0 2279
1743444853341 303699.0 2280
1743444858661 303849.0 2281
1743444863903 303999.0 2282
1743444869090 304149.0 2283
1743444874446 304299.0 2284
1743444879426 304449.0 2285
1743444884677 304599.0 2286
1743444890100 304749.0 2287
1743444895240 304899.0 2288
1743444900352 305049.0 2289
1743444905510 305199.0 2290
1743444910663 305349.0 2291
1743444915725 305499.0 2292
1743444920931 305649.0 2293
1743444926250 305799.0 2294
1743444931591 305949.0 2295
1743444936814 306099.0 2296
1743444942147 306249.0 2297
1743444947219 306399.0 2298
1743444952549 306549.0 2299
1743444958127 306699.0 2300
1743444963599 306849.0 2301
1743444968642 306999.0 2302
1743444971527 307047.0 2303
1743444976732 307197.0 2304
1743444982046 307347.0 2305
1743444987104 307497.0 2306
1743444992364 307647.0 2307
1743444997435 307797.0 2308
1743445002726 307947.0 2309
1743445007860 308097.0 2310
1743445012938 308247.0 2311
1743445013511 308248.0 2312
1743445015085 308257.0 2313
1743445020263 308407.0 2314
1743445025568 308557.0 2315
1743445030764 308707.0 2316
1743445035844 308857.0 2317
1743445041091 309007.0 2318
1743445046140 309157.0 2319
1743445052433 309307.0 2320
1743445057584 309457.0 2321
1743445063050 309607.0 2322
1743445068232 309757.0 2323
1743445073408 309907.0 2324
1743445078415 310057.0 2325
1743445083718 310207.0 2326
1743445088861 310357.0 2327
1743445093895 310507.0 2328
1743445099319 310657.0 2329
1743445104568 310807.0 2330
1743445109539 310957.0 2331
1743445114733 311107.0 2332
1743445119966 311257.0 2333
1743445125100 311407.0 2334
1743445130517 311557.0 2335
1743445135560 311707.0 2336
1743445140788 311857.0 2337
1743445146151 312007.0 2338
1743445151368 312157.0 2339
1743445156439 312307.0 2340
1743445161650 312457.0 2341
1743445166739 312607.0 2342
1743445172157 312757.0 2343
1743445177796 312907.0 2344
1743445183064 313057.0 2345
1743445188348 313207.0 2346
1743445193834 313357.0 2347
1743445199007 313507.0 2348
1743445204224 313657.0 2349
1743445209676 313807.0 2350
1743445214927 313957.0 2351
1743445220432 314107.0 2352
1743445225744 314257.0 2353
1743445231012 314407.0 2354
1743445236305 314557.0 2355
1743445241684 314707.0 2356
1743445247185 314857.0 2357
1743445252424 315007.0 2358
1743445257499 315157.0 2359
1743445262771 315307.0 2360
1743445268128 315457.0 2361
1743445273543 315607.0 2362
1743445278898 315757.0 2363
1743445284075 315907.0 2364
1743445289401 316057.0 2365
1743445289979 316058.0 2366
1743445295166 316208.0 2367
1743445300346 316358.0 2368
1743445305646 316508.0 2369
1743445310816 316658.0 2370
1743445316226 316808.0 2371
1743445321373 316958.0 2372
1743445326636 317108.0 2373
1743445331778 317258.0 2374
1743445337048 317408.0 2375
1743445342260 317558.0 2376
1743445347379 317708.0 2377
1743445352837 317858.0 2378
1743445357922 318008.0 2379
1743445362989 318158.0 2380
1743445368062 318308.0 2381
1743445373172 318458.0 2382
1743445378267 318608.0 2383
1743445383326 318758.0 2384
1743445388624 318908.0 2385
1743445393697 319058.0 2386
1743445398937 319208.0 2387
1743445404335 319358.0 2388
1743445409408 319508.0 2389
1743445414597 319658.0 2390
1743445419849 319808.0 2391
1743445424992 319958.0 2392
1743445430261 320108.0 2393
1743445435442 320258.0 2394
1743445440719 320408.0 2395
1743445446147 320558.0 2396
1743445451475 320708.0 2397
1743445456606 320858.0 2398
1743445462176 321008.0 2399
1743445462759 321009.0 2400
1743445468142 321159.0 2401
1743445473415 321309.0 2402
1743445478526 321459.0 2403
1743445483666 321609.0 2404
1743445488713 321759.0 2405
1743445493952 321909.0 2406
1743445499205 322059.0 2407
1743445504283 322209.0 2408
1743445506607 322238.0 2409
1743445511677 322388.0 2410
1743445513649 322408.0 2411
1743445518871 322558.0 2412
1743445524139 322708.0 2413
1743445529282 322858.0 2414
1743445534603 323008.0 2415
1743445540134 323158.0 2416
1743445546454 323308.0 2417
1743445551889 323458.0 2418
1743445557413 323608.0 2419
1743445562599 323758.0 2420
1743445567861 323908.0 2421
1743445573075 324058.0 2422
1743445578363 324208.0 2423
1743445578956 324209.0 2424
1743445584166 324359.0 2425
1743445589553 324509.0 2426
1743445594758 324659.0 2427
1743445599981 324809.0 2428
1743445605196 324959.0 2429
1743445610466 325109.0 2430
1743445615643 325259.0 2431
1743445620705 325409.0 2432
1743445626198 325559.0 2433
1743445631384 325709.0 2434
1743445636861 325859.0 2435
1743445642200 326009.0 2436
1743445647506 326159.0 2437
1743445652974 326309.0 2438
1743445658161 326459.0 2439
1743445663316 326609.0 2440
1743445668655 326759.0 2441
1743445674265 326909.0 2442
1743445679352 327059.0 2443
1743445684548 327209.0 2444
1743445689585 327359.0 2445
1743445694657 327509.0 2446
1743445700158 327659.0 2447
1743445705352 327809.0 2448
1743445710519 327959.0 2449
1743445715788 328109.0 2450
1743445716372 328110.0 2451
1743445716953 328111.0 2452
1743445722156 328261.0 2453
1743445727183 328411.0 2454
1743445732716 328561.0 2455
1743445738023 328711.0 2456
1743445743085 328861.0 2457
1743445748274 329011.0 2458
1743445753318 329161.0 2459
1743445758576 329311.0 2460
1743445763719 329461.0 2461
1743445769250 329611.0 2462
1743445774441 329761.0 2463
1743445779561 329911.0 2464
1743445784860 330061.0 2465
1743445790135 330211.0 2466
1743445795452 330361.0 2467
1743445800653 330511.0 2468
1743445806085 330661.0 2469
1743445811394 330811.0 2470
1743445816480 330961.0 2471
1743445821667 331111.0 2472
1743445823847 331137.0 2473
1743445828936 331287.0 2474
1743445834376 331437.0 2475
1743445839664 331587.0 2476
1743445845053 331737.0 2477
1743445850286 331887.0 2478
1743445855531 332037.0 2479
1743445860763 332187.0 2480
1743445866022 332337.0 2481
1743445871150 332487.0 2482
1743445871877 332488.0 2483
1743445877230 332638.0 2484
1743445882815 332788.0 2485
1743445888095 332938.0 2486
1743445893256 333088.0 2487
1743445898278 333238.0 2488
1743445903389 333388.0 2489
1743445904134 333389.0 2490
1743445909609 333539.0 2491
1743445915179 333689.0 2492
1743445921026 333839.0 2493
